72
154
165
276
455
517
675
676
797
823
840
875
959
1024
1142
1148
1161
1169
1173
1203
1214
1235
1266
1540
1732
1742
1835
1923
1945
1975
1999
2059
2154
2173
2186
2206
2224
2233
2252
2317
2429
2521
2591
2609
2711
3062
3153
3156
3178
3426
3622
4194
5036
5065
5080
5088
5101
5448
5497
5703
5754
5873
5902
5928
6053
6268
6372
6424
6427
6441
6442
6460
6463
6473
6474
6492
6634
6723
6752
7141
7390
7418
7732
7828
7864
7879
7887
7888
7905
8003
8170
8459
8476
8618
8706
8752
8885
9240
9553
9743
9842
10243
10315
10553
10590
10763
10844
11192
11274
11287
11332
11553
11810
11811
11824
11850
11853
11857
11867
11878
11900
11914
11917
11932
11945
12076
12577
12626
12683
13025
13040
13518
13841
13847
13882
14027
14448
14606
15049
15059
15144
15197
15231
15310
15353
15559
15578
15755
16006
16055
16100
16173
16333
17173
17284
17829
18106
18173
18196
18245
18267
18563
18570
18614
18620
18625
18680
18690
18740
19170
19527
19573
19684
19989
20003
20030
20035
20036
20059
20075
20112
20116
20143
20157
20169
20203
20235
20243
20271
20275
20281
20290
20292
20300
20310
20311
20317
20328
20331
20346
20357
20369
20371
20373
20374
20385
20414
20421
20426
20436
20439
20458
20483
20487
20502
20503
20519
20537
20551
20563
20572
20587
20604
20619
20632
20643
20657
20675
20676
20684
20685
20718
20722
20728
20732
20736
20744
20754
20764
20775
20790
20854
20859
20866
20867
20875
20882
20899
20906
20952
20981
20983
20989
20999
21006
21009
21010
21057
21063
21066
21069
21089
21109
21111
21114
21117
21118
21123
21126
21135
21142
21148
21160
21162
21175
21181
21186
21203
21214
21244
21276
21292
21303
21304
21341
21344
21503
21726
21816
21892
21931
22121
22167
22714
22737
22789
22818
22860
23209
23271
23503
24254
24373
24403
24741
25032
25099
25100
25307
26165
26575
26714
26797
26920
27305
27374
27414
27416
27466
27977
28001
28080
28084
28110
28190
28197
28216
28643
28755
28925
28944
28968
29171
29533
29577
29580
29948
29952
29962
30011
30016
30033
30046
30056
30093
30098
30114
30119
30134
30191
30209
30217
30228
30231
30253
30258
30320
30342
30346
30350
30356
30367
30378
30908
30930
31042
32127
32612
32618
32858
32860
32912
33133
33554
33568
33592
33596
33601
33620
33626
33890
33917
33928
35333
35464
35566
35772
36054
36585
36699
37031
37046
37180
37185
37195
37204
37530
37589
37595
37597
37610
37619
37690
38127
38164
38329
38380
38444
38460
38462
38475
38480
38482
38498
38511
38512
38529
38532
38539
38550
38558
38559
38903
40311
40404
42322
42471
42575
43824
44032
44735
45214
46381
46683
46867
47474
47516
47517
47539
47540
47547
47566
47630
47633
47707
47871
48404
48423
48431
49749
50519
51081
51099
51114
51429
51656
51828
51844
51869
52924
53464
54114
55688
56142
56229
56367
57403
57530
59765
60253
60583
60993
61005
61316
61351
61906
61923
62168
62223
62249
62257
62273
62368
62371
62562
62568
62586
62601
62720
62872
63156
63301
63313
63356
63360
63431
63441
63454
63592
63597
63633
63650
63755
63759
63766
63779
63810
63881
63909
63921
63935
63951
63969
63984
63995
64018
64037
64039
64055
64058
64070
64076
64090
64092
64100
64110
65462
66510
66515
66516
66530
66532
66535
66536
66541
66545
66549
66550
66553
67447
67661
67756
68175
68370
69322
69481
69745
69765
69779
69782
70010
70066
70124
70126
70134
70144
70146
70149
70152
70155
70547
70612
71076
71175
72394
72418
72509
72915
73142
73160
73198
73202
73207
73213
73229
73231
73235
73248
73251
73257
73265
73285
73287
73295
73296
73297
73310
73315
73316
73320
73353
73356
73371
73374
73377
73378
73380
73392
73396
73399
73406
73408
73416
74519
74622
74633
74653
74658
74675
74690
74700
74708
74715
74890
75008
75034
75046
75408
76294
77371
77386
77444
77464
77467
77472
77480
80753
82458
83295
83413
84929
85733
86094
86891
87045
87111
87205
87337
87928
87932
88596
88650
90939
91140
91205
91285
91361
91403
91916
91950
92117
92192
92258
92467
92523
92533
92580
92713
92735
92795
92802
92872
92874
92884
92886
92887
92895
92922
92962
93053
93097
93277
93287
93308
93338
93391
93477
93524
93540
93566
93602
93677
93688
93715
93730
93759
93767
93768
93769
93797
93803
93814
93913
93922
93984
93996
93999
94032
94232
94263
94462
94674
94726
94777
94795
94804
94813
94814
94815
95041
95048
95093
95168
95246
95279
95305
95375
95379
95469
95688
95691
95692
95772
95873
96189
96355
96368
96460
96575
96587
96592
96659
96771
96998
97167
97209
97453
97460
97466
97509
97517
98075
98096
99427
99646
99797
99798
99805
100180
100232
100764
100787
101186
101355
101994
102033
102937
103100
103194
103279
103421
103527
103891
103892
104018
104043
104096
104473
104917
105359
106412
106701
106705
106714
106742
107228
107332
107729
107932
107933
107943
108082
108114
108236
108437
108469
108502
108564
108810
109743
109884
109940
112183
112190
113679
114320
115869
115870
115878
115881
115940
115942
115972
115974
116481
116510
116543
117181
117186
117190
117205
117236
117270
117279
117301
117306
117310
117313
117314
117320
117333
117360
117362
117367
117392
117400
117406
117412
118233
118929
121807
122497
123091
123128
123254
123339
124487
124823
125260
125478
125544
125566
125587
125589
125595
125605
125611
125645
125663
125693
125730
126291
126310
126519
126577
127833
129450
129976
130318
130325
130333
132049
132500
132525
133281
133285
134074
134963
135440
135634
135642
135701
136171
138370
138585
138592
138764
138964
138992
138993
139649
139888
141381
141384
141447
141766
142110
143334
143356
143879
144537
145162
145167
145169
145178
145183
145276
145280
145301
145305
145336
145337
145407
145543
146309
146333
148051
148668
149462
149999
150009
150018
150169
153291
153300
153687
154515
154526
154527
154584
154601
154608
154620
154645
155961
156355
156534
158825
159029
161557
164439
165517
165547
166058
167164
167571
167572
167589
167610
167620
167649
167673
167682
167684
167706
167711
167733
167747
167943
169953
169999
170014
170037
170053
170068
170583
170599
170940
171722
172420
173025
173131
174452
174600
175210
175396
175421
175426
175451
175459
175994
176000
176183
176222
176663
177415
177439
177445
177667
177680
177762
177763
177807
177854
177858
178102
178147
178386
178536
178554
178783
178812
178865
178939
179077
179086
179138
179183
179187
179202
179279
179338
179360
179522
179657
179785
179873
179919
179998
180166
180201
180279
180304
180376
180394
180527
180717
180722
180957
180962
180967
181213
181647
181664
181665
182416
182425
183004
183405
183478
184076
184298
184987
186335
186484
186576
186689
187155
187403
187613
187617
187636
187641
187671
188004
188161
188373
188390
188937
189265
189325
189918
190454
191162
191234
192561
193399
193419
193449
194033
194044
194076
194084
197801
198137
199356
201426
202271
202280
202290
202654
202738
202739
203349
203863
204230
204855
205523
205848
205863
205883
205935
205958
205971
205978
206868
206884
206890
206938
207604
208209
208210
208282
208544
208617
208700
208703
208726
208783
208784
208798
208982
209925
210029
210199
210231
210262
210272
210285
210399
210413
210667
210675
210756
210791
210877
210934
210935
210948
211109
211408
211442
211545
211947
212285
212443
212590
212961
213740
213741
213758
213761
213846
213849
213850
213851
213852
214931
214959
215000
215002
215019
215067
215076
215099
215119
215143
215166
215255
215275
215289
215318
215372
215451
216103
216106
216107
216287
216747
216757
216985
217029
217033
217054
217140
218079
218126
218324
219326
219490
220999
221093
221215
221537
221716
221889
221940
221992
222371
222451
222452
222475
222515
222516
222726
223542
224411
226063
227355
227939
228007
228143
228210
228366
228786
228790
228937
228940
230096
230440
230443
230553
230555
230589
231070
232260
233834
233886
233887
234123
234251
234332
234965
235084
235094
235103
235580
235638
236240
236253
236963
236973
236991
237005
237018
237575
237971
238004
238052
238055
238797
239870
240052
240211
240348
240389
241088
241785
242179
242188
242321
242359
242519
242580
242872
242890
243484
243649
243651
243844
244210
244517
244528
244542
244627
244765
244902
245076
245308
245638
245975
246104
246279
246470
246520
246986
247018
247036
247059
247060
247061
247063
247064
247067
247069
247070
247071
247072
247075
247077
247080
247082
247086
247088
247091
247093
247096
247098
247100
247101
247102
247104
247111
247118
247119
247120
247121
247122
247123
247124
247125
247128
247130
247135
247136
247137
247138
247139
247143
247150
247200
247231
247237
247243
247462
247655
248107
248146
248147
248148
248150
248154
248159
248164
248230
248295
248306
248435
248699
248936
248937
248938
248939
248940
248941
248942
248943
248944
248945
248947
248948
248949
248951
248953
248956
248957
248961
248963
248964
248965
248966
248967
248968
248969
248970
248971
248972
248973
248975
248977
248978
248979
248980
248981
248983
248985
248986
248987
248988
248989
248990
248996
248998
248999
249001
249004
249005
249007
249008
249009
249010
249011
249012
249013
249014
249015
249016
249017
249018
249019
249020
249021
249022
249023
249024
249025
249026
249027
249028
249029
249030
249031
249032
249033
249034
249035
249037
249038
249039
249040
249042
249045
249047
249048
249050
249051
249052
249054
249055
249056
249058
249059
249060
249061
249062
249063
249065
249066
249067
249068
249071
249073
249074
249075
249077
249079
249080
249821
249874
250075
250249
251330
251423
251427
251586
251692
251918
252395
254104
255936
256557
258450
258462
260355
263081
264059
267700
267701
268077
268084
268093
268249
268872
269015
271981
274145
274891
279007
281516
281544
281603
282330
282577
283294
285527
285576
287218
287952
287958
288315
288316
288904
288930
293465
293682
294495
296609
301048
301459
304746
307023
307320
311357
313871
313878
314814
315334
319813
322084
322157
322278
325587
325912
327214
327216
327584
327683
328211
328219
328227
328294
328354
328908
332388
332564
336138
339111
339836
340402
343949
344509
344514
344558
345040
345650
347967
348536
348537
348538
349341
349509
350998
351000
354255
354257
354448
354449
354454
354474
358663
358746
360418
360595
364387
366087
367624
372314
373428
385671
391401
395979
398680
398747
398749
399348
400019
401824
407612
420865
423835
424494
425242
429241
429383
429384
429420
431256
431257
433670
436613
437620
443752
448385
448392
448397
448412
448413
451854
451868
451870
451920
451989
451990
451991
453436
454166
455543
456269
456324
456328
458127
462034
462035
462036
467617
469579
471554
473916
475529
475831
478639
481605
481736
483670
486215
493154
499386
501908
506483
509922
518969
525708
526519
528343
530953
538465
552600
563641
567112
644574
645203
647056
651129
655500
656316
662197
662975
