72	1024
72	1923
72	1945
72	1975
72	1999
72	2059
72	8476
72	10763
72	11192
72	11274
72	13040
72	15310
72	20328
72	21214
72	40404
72	57530
72	61005
72	62273
72	94815
72	95375
72	103527
72	142110
72	154584
72	154645
72	167733
72	175451
72	206868
72	216747
72	224411
72	247111
72	247124
72	248951
72	319813
72	651129
154	276
154	1169
154	1835
154	6463
154	7864
154	7879
154	11810
154	11811
154	11824
154	11850
154	11853
154	11857
154	11867
154	11878
154	11900
154	11914
154	11917
154	11932
154	11945
154	19989
154	21066
165	455
165	517
165	875
165	1835
165	5036
165	5065
165	5080
165	5088
165	5101
276	455
276	517
276	2252
276	4194
276	23209
276	23271
276	35333
276	35464
276	35566
276	61316
455	517
455	823
455	840
455	1024
455	1975
455	1999
455	2711
455	5036
455	6053
455	6723
455	7390
455	8170
455	8706
455	11274
455	11914
455	13025
455	19170
455	22737
455	22818
455	27374
455	27414
455	27416
455	27466
455	28110
455	28925
455	29533
455	35464
455	44032
455	73416
455	103421
455	189918
455	202738
455	202739
455	263081
455	645203
455	655500
517	797
517	840
517	1999
517	2521
517	5448
517	6372
517	8618
517	9743
517	11332
517	12076
517	13040
517	15049
517	15059
517	15144
517	15197
517	15231
517	15310
517	15578
517	16055
517	16100
517	19573
517	28755
517	203349
517	655500
675	1148
675	1169
675	1266
675	6460
675	6463
675	11867
675	11932
675	18614
675	20235
675	20374
675	20385
675	21066
675	30930
675	38539
675	47516
675	47517
675	47539
675	47540
675	47547
675	47566
675	125478
676	1161
676	1169
676	1835
676	5101
676	6441
676	6463
676	10844
676	11287
676	11850
676	11867
676	11932
676	13518
676	15144
676	16173
676	18614
676	19989
676	20059
676	20143
676	20203
676	20235
676	20374
676	20458
676	20632
676	20676
676	20718
676	20790
676	20882
676	21066
676	21109
676	21160
676	21162
676	21276
676	22789
676	30367
676	30378
676	38444
676	38460
676	38462
676	38475
676	38480
676	38482
676	38498
676	38511
676	38512
676	38529
676	38532
676	38539
676	38550
676	38558
676	38559
676	251586
797	840
797	1999
797	2252
797	7390
823	3622
823	5036
823	5065
823	5873
823	8170
823	8459
823	8706
823	8752
823	9553
823	11274
823	12577
823	15231
823	19170
823	22167
823	22714
823	22818
823	24403
823	26920
823	27977
823	28001
823	28110
823	28190
823	28197
823	47630
823	47633
823	47707
840	5754
840	7390
840	21503
840	51869
840	651129
875	1024
875	2429
875	5065
875	5703
875	5873
875	8752
875	9743
875	10315
875	14027
875	20867
875	43824
875	48404
875	48423
875	48431
959	16100
959	51828
959	51844
1024	1999
1024	8170
1024	8459
1024	9553
1024	10315
1024	28080
1024	28084
1024	63156
1024	645203
1142	1148
1142	6441
1142	6460
1142	7828
1142	15144
1142	15559
1142	16173
1142	20331
1142	20369
1142	21123
1142	21186
1142	29580
1142	33626
1142	59765
1142	63301
1142	63313
1148	1169
1148	2224
1148	2233
1148	6427
1148	7828
1148	7879
1148	7887
1148	7888
1148	11850
1148	11867
1148	13025
1148	14027
1148	15144
1148	18614
1148	20059
1148	20436
1148	20563
1148	20619
1148	29580
1148	40311
1148	70124
1148	70126
1148	70134
1148	70144
1148	70146
1148	70149
1148	70152
1148	70155
1148	106714
1161	1169
1161	1266
1161	1923
1161	2173
1161	2711
1161	5928
1161	6268
1161	6441
1161	6460
1161	7905
1161	10844
1161	11853
1161	11914
1161	13025
1161	13847
1161	15144
1161	16173
1161	18106
1161	18620
1161	20116
1161	20235
1161	20271
1161	20331
1161	20346
1161	20385
1161	20676
1161	20744
1161	20790
1161	20854
1161	20866
1161	20882
1161	20983
1161	20989
1161	21063
1161	21066
1161	21069
1161	21089
1161	21126
1161	21203
1161	21244
1161	21276
1161	25099
1161	30119
1161	32127
1161	33596
1161	38380
1161	38511
1161	38532
1161	38559
1161	46683
1161	47539
1161	63313
1161	63597
1161	73198
1161	73202
1161	73207
1161	73213
1161	73229
1161	73231
1161	73235
1161	73248
1161	73251
1161	73257
1161	73265
1161	73285
1161	73287
1161	73295
1161	73296
1161	73297
1161	73310
1161	73315
1161	73316
1161	73320
1161	73353
1161	73356
1161	73371
1161	73374
1161	73377
1161	73378
1161	73380
1161	73392
1161	73396
1161	73399
1161	73406
1161	73408
1161	94814
1169	1266
1169	1835
1169	1975
1169	2206
1169	2609
1169	2711
1169	3156
1169	5928
1169	6424
1169	6441
1169	6460
1169	6463
1169	7828
1169	7879
1169	7888
1169	10844
1169	11853
1169	13025
1169	13847
1169	15144
1169	15353
1169	15578
1169	18106
1169	18173
1169	18267
1169	18563
1169	20030
1169	20235
1169	20281
1169	20290
1169	20328
1169	20331
1169	20374
1169	20572
1169	20632
1169	20675
1169	20775
1169	20866
1169	20882
1169	20983
1169	20989
1169	20999
1169	21006
1169	21066
1169	21126
1169	21175
1169	21214
1169	21276
1169	21304
1169	22789
1169	25099
1169	30056
1169	30098
1169	30342
1169	30346
1169	30908
1169	30930
1169	33626
1169	37180
1169	37185
1169	37195
1169	37610
1169	38380
1169	38462
1169	38511
1169	38512
1169	62223
1169	63313
1169	63454
1169	63881
1169	63909
1169	63921
1169	63935
1169	63951
1169	63969
1169	63984
1169	63995
1169	64018
1169	64037
1169	64039
1169	64055
1169	64058
1169	64070
1169	64076
1169	64090
1169	64092
1169	64100
1169	108564
1173	2711
1203	20310
1203	71076
1203	71175
1214	30098
1214	67661
1235	20790
1235	21066
1235	46683
1235	75034
1266	3156
1266	5101
1266	5928
1266	6268
1266	6372
1266	6427
1266	6463
1266	7888
1266	9240
1266	10844
1266	11850
1266	11867
1266	11932
1266	13847
1266	14606
1266	16173
1266	18106
1266	19989
1266	20143
1266	20235
1266	20271
1266	20300
1266	20331
1266	20385
1266	20587
1266	20604
1266	20643
1266	20676
1266	20718
1266	20722
1266	20790
1266	20899
1266	20983
1266	20999
1266	21006
1266	21009
1266	21010
1266	21066
1266	21126
1266	21160
1266	21175
1266	21181
1266	30056
1266	30908
1266	37610
1266	38329
1266	38529
1266	38550
1266	46683
1266	61316
1266	63313
1266	63650
1266	64076
1266	64090
1266	70152
1266	73356
1266	74622
1266	74633
1266	74653
1266	74658
1266	74675
1266	74690
1266	74700
1266	74708
1266	74715
1266	92962
1266	108564
1540	8618
1540	23503
1540	62371
1540	88596
1540	88650
1732	19573
1732	19684
1732	47474
1732	91205
1732	92872
1732	92874
1732	92884
1732	92886
1732	92887
1732	92895
1732	234123
1732	398680
1742	6723
1835	1945
1835	1975
1835	2224
1835	5101
1835	5928
1835	6268
1835	6424
1835	6427
1835	6441
1835	6463
1835	7905
1835	10590
1835	11332
1835	11850
1835	11867
1835	11878
1835	11932
1835	14027
1835	15144
1835	15578
1835	15755
1835	18106
1835	18173
1835	18245
1835	18614
1835	19989
1835	20030
1835	20059
1835	20203
1835	20235
1835	20290
1835	20300
1835	20317
1835	20371
1835	20385
1835	20414
1835	20563
1835	20657
1835	20675
1835	20732
1835	20754
1835	21126
1835	21186
1835	21726
1835	29580
1835	30016
1835	33626
1835	38329
1835	61316
1835	70152
1835	87928
1835	91361
1835	176183
1835	188937
1923	11917
1923	13025
1923	15231
1923	18173
1923	20502
1923	20867
1923	20906
1923	35566
1923	51429
1923	91950
1923	106701
1923	106705
1923	106714
1923	106742
1923	400019
1945	6460
1945	10844
1945	11857
1945	13025
1945	14027
1945	15144
1945	15559
1945	16055
1945	18267
1945	20059
1945	20116
1945	20436
1945	20563
1945	20619
1945	20875
1945	21063
1945	21111
1945	26575
1945	29580
1945	30342
1945	37204
1945	38550
1945	71076
1945	95305
1945	95375
1945	96575
1945	96587
1945	96592
1975	2233
1975	6372
1975	6441
1975	6460
1975	6463
1975	6474
1975	7828
1975	7888
1975	11810
1975	13518
1975	13882
1975	14027
1975	15144
1975	15578
1975	18563
1975	19989
1975	20290
1975	21126
1975	21244
1975	29577
1975	29580
1975	33626
1975	37180
1975	59765
1975	72394
1975	98075
1999	5036
1999	651129
2059	21503
2059	103527
2154	6441
2154	10844
2154	11867
2154	11914
2154	20059
2154	20989
2154	21009
2154	30346
2154	33133
2154	38329
2154	50519
2154	56142
2154	69782
2154	70547
2154	95246
2154	107932
2154	107933
2154	107943
2173	6268
2173	6441
2173	6463
2173	6473
2173	6723
2173	11810
2173	13025
2173	13847
2173	15144
2173	15559
2173	16173
2173	18173
2173	20203
2173	20317
2173	20421
2173	20458
2173	20519
2173	20754
2173	21111
2173	21117
2173	21244
2173	21276
2173	30191
2173	30378
2173	73235
2173	108564
2173	179657
2186	6268
2186	6441
2186	7828
2186	7864
2186	10844
2186	13025
2186	18173
2186	20426
2186	38529
2186	61316
2186	92258
2186	92533
2206	6460
2206	11853
2206	16173
2206	18614
2206	20235
2206	38460
2206	104473
2224	6427
2224	6460
2224	6474
2224	7887
2224	11850
2224	14027
2224	18106
2224	20059
2224	21292
2224	27374
2224	29580
2224	31042
2224	32858
2224	37046
2224	37180
2224	91950
2224	103891
2224	103892
2233	6424
2233	6427
2233	11945
2233	15144
2233	18106
2233	18614
2233	20059
2233	20290
2233	20317
2233	20374
2233	20619
2233	20899
2233	27374
2233	61906
2233	63441
2233	71076
2233	73371
2233	94804
2233	104018
2233	104043
2233	188937
2233	349341
2252	5448
2252	6752
2252	15231
2252	103527
2317	3156
2317	12683
2317	63633
2317	84929
2317	87337
2317	93540
2317	104096
2317	107332
2317	108502
2317	109743
2317	109884
2317	109940
2429	7879
2429	20369
2429	70155
2429	94032
2429	94232
2429	108810
2521	6460
2591	21066
2609	2711
2609	3156
2609	5928
2609	6441
2609	6473
2609	7828
2609	7888
2609	9553
2609	10844
2609	11810
2609	11850
2609	12577
2609	13025
2609	15144
2609	16173
2609	18620
2609	20157
2609	20235
2609	20281
2609	20328
2609	20346
2609	20374
2609	20426
2609	20487
2609	20587
2609	20952
2609	20983
2609	21009
2609	21135
2609	21160
2609	21186
2609	21303
2609	26575
2609	26714
2609	30908
2609	40311
2609	51844
2609	63759
2609	75408
2609	92258
2609	93715
2609	95279
2609	115869
2609	115870
2609	115878
2609	115881
2609	115940
2609	115942
2609	115972
2609	115974
2609	167571
2609	364387
2711	6268
2711	6460
2711	6463
2711	7828
2711	7888
2711	7905
2711	11850
2711	11917
2711	13025
2711	15144
2711	16173
2711	18106
2711	18173
2711	18245
2711	18620
2711	20235
2711	20290
2711	20292
2711	20300
2711	20328
2711	20587
2711	20604
2711	20722
2711	20728
2711	20790
2711	20867
2711	20882
2711	20899
2711	20952
2711	20999
2711	21057
2711	21066
2711	21069
2711	21123
2711	21160
2711	21214
2711	21276
2711	21341
2711	21344
2711	22860
2711	26165
2711	30011
2711	30016
2711	30098
2711	30119
2711	30231
2711	33596
2711	35566
2711	37180
2711	38444
2711	38462
2711	38529
2711	38532
2711	49749
2711	52924
2711	60583
2711	62872
2711	63633
2711	64018
2711	64090
2711	73296
2711	75008
2711	77480
2711	92533
2711	93053
2711	94462
2711	94804
2711	97509
2711	103194
2711	108469
2711	108810
2711	117181
2711	117186
2711	117190
2711	117205
2711	117236
2711	117270
2711	117279
2711	117301
2711	117306
2711	117310
2711	117313
2711	117314
2711	117320
2711	117333
2711	117360
2711	117362
2711	117367
2711	117392
2711	117400
2711	117406
2711	117412
3062	20487
3062	21117
3062	66530
3062	122497
3062	126291
3062	126310
3062	242890
3153	20235
3153	21186
3153	97509
3153	167571
3156	5065
3156	5703
3156	5928
3156	6424
3156	11332
3156	11857
3156	11917
3156	12683
3156	13882
3156	16173
3156	18267
3156	20203
3156	20328
3156	20331
3156	20458
3156	20551
3156	20675
3156	20790
3156	20867
3156	20906
3156	21066
3156	21117
3156	21123
3156	25032
3156	29580
3156	30346
3156	35464
3156	36054
3156	38329
3156	62872
3156	70134
3156	74890
3156	84929
3156	87337
3156	91403
3156	92735
3156	93097
3156	93308
3156	93338
3156	93913
3156	104096
3156	106412
3156	106705
3156	107332
3156	109884
3156	115870
3156	115878
3156	125544
3156	125566
3156	125587
3156	125589
3156	125595
3156	125605
3156	125611
3156	125645
3156	125663
3156	125693
3156	125730
3178	129450
3426	23271
3426	30114
3426	73160
3426	132500
3426	132525
3426	274891
3426	436613
3622	15310
4194	20328
4194	20790
4194	21066
4194	42471
5036	5065
5036	5703
5036	6723
5036	8706
5036	11553
5036	19170
5036	26797
5036	27977
5065	5497
5065	27977
5101	6424
5101	6460
5101	6463
5101	6492
5101	11917
5101	18620
5101	19989
5101	20030
5101	20952
5101	21066
5101	21303
5101	21726
5101	29577
5101	32858
5101	37195
5101	82458
5101	108564
5448	5754
5448	7390
5448	51869
5448	103100
5497	15144
5497	18245
5703	10590
5703	11332
5703	63633
5703	107332
5754	7390
5754	9842
5754	21503
5754	24741
5754	103100
5873	8885
5873	13841
5873	27977
5902	20604
5902	20790
5902	21066
5902	62720
5902	172420
5928	7888
5928	11853
5928	11867
5928	11878
5928	16173
5928	18173
5928	18620
5928	20059
5928	20587
5928	20718
5928	20899
5928	21126
5928	21276
5928	21303
5928	21341
5928	21726
5928	63313
5928	63441
5928	69779
5928	73251
5928	99805
5928	106714
5928	174600
6053	7390
6268	6424
6268	6427
6268	6441
6268	7888
6268	7905
6268	9240
6268	10844
6268	11914
6268	13847
6268	14027
6268	15144
6268	15559
6268	16173
6268	18173
6268	18620
6268	20035
6268	20203
6268	20374
6268	20426
6268	20587
6268	20632
6268	20722
6268	20882
6268	20899
6268	21063
6268	21066
6268	21089
6268	21160
6268	21181
6268	21186
6268	21214
6268	21276
6268	26575
6268	30930
6268	37195
6268	51099
6268	54114
6268	63301
6268	63759
6268	64018
6268	74658
6268	74675
6268	91285
6268	93759
6268	165547
6268	175421
6268	176183
6268	176222
6372	6427
6372	6463
6372	11850
6372	11853
6372	11932
6372	14027
6372	18106
6372	20030
6372	20059
6372	20317
6372	20357
6372	20371
6372	20519
6372	20790
6372	21931
6372	27374
6372	29580
6372	37610
6372	56142
6372	98096
6372	108564
6372	175426
6424	6463
6424	7888
6424	11824
6424	11853
6424	11932
6424	15144
6424	15559
6424	16173
6424	18106
6424	18614
6424	18625
6424	19989
6424	20030
6424	20112
6424	20290
6424	20317
6424	20328
6424	20371
6424	20458
6424	20502
6424	20537
6424	20563
6424	20675
6424	20754
6424	20875
6424	20899
6424	29577
6424	29580
6424	30016
6424	37195
6424	37610
6424	59765
6424	64037
6424	64110
6424	70155
6424	77472
6424	98075
6424	107943
6424	108564
6424	117360
6424	125605
6424	179183
6424	179187
6427	11850
6427	11867
6427	11932
6427	13025
6427	13518
6427	18173
6427	18614
6427	19989
6427	20059
6427	20300
6427	20587
6427	20604
6427	20632
6427	20775
6427	21066
6427	21117
6427	21123
6427	21160
6427	27374
6427	29952
6427	33568
6427	63431
6427	87932
6427	92117
6427	96368
6441	6460
6441	6463
6441	6473
6441	7732
6441	7828
6441	7864
6441	7888
6441	7905
6441	10553
6441	10590
6441	10844
6441	11287
6441	11810
6441	11850
6441	11853
6441	11867
6441	11932
6441	13847
6441	15144
6441	15559
6441	16100
6441	16173
6441	18245
6441	18614
6441	18620
6441	20003
6441	20030
6441	20035
6441	20036
6441	20157
6441	20203
6441	20235
6441	20281
6441	20290
6441	20292
6441	20300
6441	20331
6441	20346
6441	20357
6441	20374
6441	20385
6441	20421
6441	20426
6441	20439
6441	20487
6441	20503
6441	20563
6441	20572
6441	20587
6441	20632
6441	20744
6441	20775
6441	20790
6441	20867
6441	20875
6441	20882
6441	20983
6441	20989
6441	20999
6441	21009
6441	21057
6441	21066
6441	21117
6441	21126
6441	21135
6441	21160
6441	21203
6441	21276
6441	21304
6441	30016
6441	30033
6441	30134
6441	30342
6441	30930
6441	31042
6441	33596
6441	33928
6441	37180
6441	37530
6441	38329
6441	38462
6441	38498
6441	38511
6441	38558
6441	51114
6441	63301
6441	72509
6441	73142
6441	74658
6441	91285
6441	91916
6441	92467
6441	93999
6441	94813
6441	112190
6441	125478
6441	125693
6441	134074
6441	135634
6441	178102
6441	179279
6441	179338
6441	179360
6442	18625
6442	20290
6442	64018
6460	6463
6460	7732
6460	7887
6460	7905
6460	10590
6460	11332
6460	11824
6460	11853
6460	11867
6460	11878
6460	11932
6460	15144
6460	15578
6460	16173
6460	18106
6460	18614
6460	20059
6460	20235
6460	20290
6460	20300
6460	20331
6460	20563
6460	20572
6460	20675
6460	20676
6460	20722
6460	20744
6460	20775
6460	20866
6460	20875
6460	20899
6460	21009
6460	21010
6460	21057
6460	21117
6460	21126
6460	21203
6460	21276
6460	23209
6460	29580
6460	32858
6460	33568
6460	35772
6460	37180
6460	38329
6460	38511
6460	38550
6460	63441
6460	64018
6460	67447
6460	70152
6460	74658
6460	87928
6460	96592
6460	115881
6460	175426
6460	176183
6460	178783
6460	178812
6460	213851
6460	221940
6460	662975
6460	662975
6463	6474
6463	7732
6463	7887
6463	7888
6463	10844
6463	11824
6463	11850
6463	11853
6463	11857
6463	11867
6463	11878
6463	11900
6463	11932
6463	15144
6463	15559
6463	16173
6463	18106
6463	18614
6463	18620
6463	19989
6463	20112
6463	20203
6463	20235
6463	20271
6463	20317
6463	20357
6463	20369
6463	20414
6463	20458
6463	20563
6463	20619
6463	20657
6463	20722
6463	20728
6463	20754
6463	20866
6463	20899
6463	20952
6463	21063
6463	21066
6463	21118
6463	21123
6463	21126
6463	21142
6463	21162
6463	21181
6463	21276
6463	21816
6463	23209
6463	25100
6463	29577
6463	29952
6463	31042
6463	32127
6463	33133
6463	33626
6463	33917
6463	35772
6463	37595
6463	38329
6463	38550
6463	51429
6463	59765
6463	63755
6463	63984
6463	64092
6463	67661
6463	73207
6463	73285
6463	77371
6463	77472
6463	86891
6463	92802
6463	93338
6463	93477
6463	93814
6463	94674
6463	107943
6463	115942
6463	135440
6463	174452
6463	176183
6463	176222
6463	180394
6463	183405
6463	199356
6463	204855
6463	208617
6463	242179
6463	244765
6463	246104
6463	246470
6463	255936
6463	287952
6463	395979
6463	481736
6463	662975
6463	662975
6473	7828
6473	7888
6473	7905
6473	9240
6473	10844
6473	11810
6473	11850
6473	15578
6473	18106
6473	18173
6473	18570
6473	18620
6473	20030
6473	20235
6473	20281
6473	20310
6473	20317
6473	20328
6473	20371
6473	20426
6473	20764
6473	20906
6473	21135
6473	21160
6473	21203
6473	21304
6473	33596
6473	37180
6473	62720
6473	63360
6473	64092
6473	67756
6473	91950
6473	115972
6473	170053
6473	176000
6474	11810
6474	13025
6474	18614
6474	19989
6474	20346
6474	20657
6474	20875
6474	21126
6474	21244
6474	22121
6474	25100
6474	61316
6474	87928
6474	102937
6474	176183
6474	176222
6474	178386
6474	213851
6492	178147
6492	180717
6634	30231
6634	287958
6723	20572
6723	183004
6752	8459
6752	108236
6752	156355
6752	175210
6752	181647
6752	181664
6752	181665
6752	287218
7141	7390
7141	9842
7390	9842
7390	21503
7390	24741
7390	37690
7390	51869
7390	103100
7418	176183
7418	287952
7732	7888
7732	7905
7732	9240
7732	10844
7732	11867
7732	15144
7732	16173
7732	18267
7732	18620
7732	20290
7732	20317
7732	20357
7732	20458
7732	20563
7732	20619
7732	21892
7732	30930
7732	33890
7732	186335
7828	7864
7828	7888
7828	7905
7828	9240
7828	10844
7828	11850
7828	11867
7828	13025
7828	13847
7828	14027
7828	15144
7828	15353
7828	16100
7828	18173
7828	18267
7828	18570
7828	18620
7828	20157
7828	20235
7828	20281
7828	20310
7828	20328
7828	20346
7828	20371
7828	20426
7828	20487
7828	20503
7828	20519
7828	20587
7828	20604
7828	20632
7828	20657
7828	20722
7828	20728
7828	20764
7828	20983
7828	20999
7828	21009
7828	21066
7828	21111
7828	21117
7828	21118
7828	21126
7828	21135
7828	21142
7828	21160
7828	21162
7828	21186
7828	21214
7828	21244
7828	21303
7828	21304
7828	29952
7828	30056
7828	30191
7828	30342
7828	37180
7828	38329
7828	61316
7828	63969
7828	67447
7828	72394
7828	74708
7828	91950
7828	92258
7828	92533
7828	95469
7828	97517
7828	99798
7828	104018
7828	115972
7828	123091
7828	153291
7828	170053
7828	173131
7828	178554
7828	179279
7828	187403
7864	7888
7864	10844
7864	11867
7864	11932
7864	12626
7864	13025
7864	15144
7864	17173
7864	18173
7864	20003
7864	20116
7864	20235
7864	20300
7864	20310
7864	20426
7864	20503
7864	20587
7864	20604
7864	20754
7864	20882
7864	21111
7864	21117
7864	21126
7864	21160
7864	29952
7864	30114
7864	30134
7864	30342
7864	30930
7864	62720
7864	92258
7864	92533
7864	169999
7864	187155
7864	208544
7879	7887
7879	11811
7879	11932
7879	12076
7879	15144
7879	18614
7879	20458
7879	20744
7879	21063
7879	30378
7879	33568
7879	36699
7879	61316
7879	67661
7879	69322
7879	146333
7879	187613
7879	187617
7879	187636
7879	187641
7879	187671
7879	208544
7887	11857
7887	11867
7887	11932
7887	13847
7887	14027
7887	15144
7887	15578
7887	19989
7887	20059
7887	20235
7887	20300
7887	20317
7887	20357
7887	20369
7887	20373
7887	20385
7887	20414
7887	20458
7887	20563
7887	20619
7887	20744
7887	20867
7887	21244
7887	29580
7887	33568
7887	33592
7887	33917
7887	38329
7887	62562
7887	62568
7887	64018
7887	98096
7887	99646
7887	103279
7887	103891
7887	108564
7887	180967
7887	188937
7888	10590
7888	10844
7888	18173
7888	18267
7888	18620
7888	20003
7888	20235
7888	20292
7888	20300
7888	20328
7888	20458
7888	20587
7888	20632
7888	20657
7888	20952
7888	20983
7888	20999
7888	21063
7888	21066
7888	21214
7888	21816
7888	25100
7888	29952
7888	30134
7888	30342
7888	33596
7888	46683
7888	64090
7888	74653
7888	92258
7888	92533
7888	106714
7888	117270
7888	117360
7888	138592
7888	188373
7905	10844
7905	11810
7905	11932
7905	13025
7905	15144
7905	15559
7905	15578
7905	15755
7905	20235
7905	20346
7905	20502
7905	20722
7905	21063
7905	21126
7905	25099
7905	30320
7905	87928
7905	176183
8003	11810
8003	62168
8459	180201
8618	62368
8618	62371
8618	83413
8618	88596
8618	88650
8618	138993
8618	145167
8618	145169
8618	145280
8618	145407
8618	145543
8618	149462
8618	150009
8618	150018
8618	191162
8618	191234
8618	194033
8618	194044
8618	194076
8618	194084
8706	9553
8706	11274
8706	11287
8706	22737
8706	27977
8706	28001
8706	28190
8706	44032
8706	76294
8706	108114
8706	193399
8706	193419
8706	193449
9240	10844
9240	11332
9240	11810
9240	12626
9240	14027
9240	15144
9240	16173
9240	18173
9240	20003
9240	20311
9240	20328
9240	20487
9240	20572
9240	20685
9240	20718
9240	21117
9240	21135
9240	21160
9240	21162
9240	21303
9240	30098
9240	37180
9240	37185
9240	38498
9240	68175
9240	92258
9240	92580
9240	102937
9240	115972
9240	178536
9240	178554
9240	208783
9553	10243
9553	11287
9553	15231
9553	15310
9553	20426
9553	20790
9553	21066
9553	27977
9553	28001
9553	76294
9842	21503
9842	24741
9842	37690
10243	11192
10243	71175
10315	10553
10553	11192
10553	11287
10553	11917
10553	13025
10553	13847
10553	18173
10553	20235
10553	20572
10553	21009
10553	21118
10553	27977
10553	56142
10590	11867
10590	14027
10590	15755
10590	18106
10590	20235
10590	21244
10590	21303
10590	70152
10844	11192
10844	11332
10844	11867
10844	13025
10844	13847
10844	14027
10844	15144
10844	15353
10844	15755
10844	16100
10844	16173
10844	18173
10844	18563
10844	18620
10844	20235
10844	20317
10844	20328
10844	20331
10844	20346
10844	20426
10844	20483
10844	20487
10844	20503
10844	20519
10844	20563
10844	20587
10844	20604
10844	20632
10844	20657
10844	20685
10844	20718
10844	20983
10844	20989
10844	21009
10844	21063
10844	21066
10844	21111
10844	21117
10844	21160
10844	21162
10844	21186
10844	21303
10844	22789
10844	22860
10844	26575
10844	27374
10844	30098
10844	30134
10844	30209
10844	30228
10844	30908
10844	32612
10844	33596
10844	33917
10844	35772
10844	37180
10844	37185
10844	37204
10844	38512
10844	38532
10844	46381
10844	46683
10844	50519
10844	51844
10844	52924
10844	56142
10844	61923
10844	62168
10844	63935
10844	64018
10844	68175
10844	73142
10844	73251
10844	91285
10844	91950
10844	92258
10844	92467
10844	92533
10844	92580
10844	92884
10844	93391
10844	93477
10844	93999
10844	95041
10844	95469
10844	103892
10844	108564
10844	112190
10844	115881
10844	115972
10844	117270
10844	123091
10844	143879
10844	159029
10844	165547
10844	169999
10844	170053
10844	170068
10844	173131
10844	175459
10844	178536
10844	178554
10844	187155
10844	205848
10844	205863
10844	205883
10844	205935
10844	205958
10844	205971
10844	205978
11192	11287
11192	15144
11192	21344
11192	27977
11192	30231
11192	134963
11274	11287
11274	22737
11274	27977
11287	11810
11287	20328
11287	20426
11287	21160
11287	22714
11287	22818
11287	27977
11287	28001
11287	30908
11287	35464
11287	62720
11287	69779
11287	70066
11287	97509
11287	107228
11287	108114
11287	178554
11287	189918
11287	206884
11287	206890
11287	206938
11332	13025
11332	13847
11332	14027
11332	15144
11332	20290
11332	20414
11332	20604
11332	20619
11332	20718
11332	20775
11332	21063
11332	25099
11332	30016
11332	37180
11332	56142
11332	64018
11810	11917
11810	13025
11810	18173
11810	18245
11810	18563
11810	18620
11810	20075
11810	20143
11810	20157
11810	20169
11810	20235
11810	20243
11810	20328
11810	20373
11810	20483
11810	20790
11810	21066
11810	21118
11810	21203
11810	21214
11810	21276
11810	22121
11810	29952
11810	30134
11810	30367
11810	35772
11810	36699
11810	37185
11810	50519
11810	60993
11810	63431
11810	63881
11810	63984
11810	71076
11810	73160
11810	74658
11810	92802
11810	93338
11810	93688
11810	93984
11810	94726
11810	105359
11810	108082
11810	139649
11810	153291
11810	167571
11810	179998
11810	210756
11810	210791
11810	210877
11810	210934
11810	210935
11810	210948
11824	11932
11824	18614
11824	19989
11824	20059
11824	20899
11824	29580
11824	35772
11824	37185
11824	40311
11824	123091
11824	125478
11824	210399
11824	210413
11850	11853
11850	11857
11850	11867
11850	11932
11850	13847
11850	14027
11850	15144
11850	16173
11850	17173
11850	18106
11850	18173
11850	18245
11850	18614
11850	20030
11850	20235
11850	20300
11850	20331
11850	20458
11850	20503
11850	20519
11850	20604
11850	20632
11850	20643
11850	20854
11850	20867
11850	20899
11850	20999
11850	29577
11850	30346
11850	31042
11850	37204
11850	51114
11850	87928
11850	96368
11850	104018
11850	108564
11850	219490
11850	481736
11853	11867
11853	11878
11853	11932
11853	12626
11853	15559
11853	16173
11853	18106
11853	18614
11853	19989
11853	20059
11853	20112
11853	20235
11853	20371
11853	20563
11853	20744
11853	20983
11853	21162
11853	21276
11853	21726
11853	37610
11853	38512
11853	59765
11853	64110
11853	70152
11853	77464
11853	96592
11853	99805
11853	106714
11853	124487
11853	188937
11853	662975
11853	662975
11857	11867
11857	11932
11857	18106
11857	19989
11857	20030
11857	20059
11857	20290
11857	20317
11857	20436
11857	32858
11857	117310
11867	11878
11867	11917
11867	11932
11867	13025
11867	13518
11867	16173
11867	18106
11867	18173
11867	18614
11867	18620
11867	18625
11867	20003
11867	20235
11867	20290
11867	20317
11867	20331
11867	20458
11867	20487
11867	20587
11867	20604
11867	20643
11867	20754
11867	20899
11867	21111
11867	21117
11867	21162
11867	21181
11867	21303
11867	21726
11867	29580
11867	29952
11867	30098
11867	30930
11867	38539
11867	47540
11867	47547
11867	75046
11867	93338
11867	108564
11867	167571
11867	180962
11867	205523
11867	208700
11867	208703
11867	208726
11867	372314
11878	11932
11878	14027
11878	15144
11878	15559
11878	19989
11878	20059
11878	20519
11878	20657
11878	20754
11878	21117
11878	21276
11878	47540
11878	64090
11878	64110
11878	74622
11878	208544
11900	18106
11900	19989
11900	20317
11900	64055
11900	125595
11914	16173
11914	19989
11914	20271
11914	20867
11914	21726
11914	38460
11914	38529
11914	135440
11917	13025
11917	15578
11917	17173
11917	20036
11917	20143
11917	20281
11917	20317
11917	20790
11917	20981
11917	21066
11917	21118
11917	30093
11917	51114
11917	60253
11917	62586
11917	63766
11917	75034
11917	99646
11917	115942
11917	116481
11917	138592
11917	167571
11917	167649
11917	167684
11917	177415
11917	177807
11917	211408
11917	211442
11932	14027
11932	15559
11932	15578
11932	16173
11932	18245
11932	18614
11932	18690
11932	19989
11932	20030
11932	20059
11932	20203
11932	20290
11932	20317
11932	20371
11932	20414
11932	20643
11932	20728
11932	20875
11932	20899
11932	21006
11932	21181
11932	21726
11932	30930
11932	33592
11932	33626
11932	33917
11932	33928
11932	36699
11932	37195
11932	38511
11932	56142
11932	59765
11932	62568
11932	62601
11932	63360
11932	64018
11932	70152
11932	74658
11932	74700
11932	93097
11932	93524
11932	94232
11932	99797
11932	99805
11932	103891
11932	103892
11932	108564
11932	135440
11932	165517
11932	176183
11932	178102
11932	179086
11932	180967
11932	188937
11932	205523
11932	208209
11932	210667
11932	210675
11932	242890
11932	345040
11932	481736
11945	20867
11945	30114
11945	36699
11945	70134
11945	212590
11945	296609
12076	21203
12577	13025
12577	20632
12577	63984
12577	94232
12577	95873
12577	115878
12626	13025
12626	15144
12626	20619
12626	30093
12626	30134
12683	20604
12683	21160
12683	84929
12683	87337
13025	13882
13025	14027
13025	15144
13025	16173
13025	18173
13025	18563
13025	18690
13025	20075
13025	20169
13025	20203
13025	20235
13025	20271
13025	20281
13025	20310
13025	20317
13025	20328
13025	20346
13025	20371
13025	20458
13025	20502
13025	20519
13025	20587
13025	20604
13025	20657
13025	20754
13025	20854
13025	20867
13025	20989
13025	21009
13025	21010
13025	21066
13025	21111
13025	21118
13025	21126
13025	21160
13025	21162
13025	21244
13025	21292
13025	21303
13025	25099
13025	26575
13025	26714
13025	30367
13025	30908
13025	35566
13025	37031
13025	37180
13025	37204
13025	62168
13025	63431
13025	63935
13025	64092
13025	70144
13025	73207
13025	75408
13025	77472
13025	91950
13025	92258
13025	92533
13025	93287
13025	93477
13025	94462
13025	95375
13025	95379
13025	95688
13025	95772
13025	99798
13025	103194
13025	116481
13025	117412
13025	127833
13025	132049
13025	134074
13025	139649
13025	153291
13025	169999
13025	170014
13025	170940
13025	176183
13025	178536
13025	178554
13025	186576
13025	187636
13025	209925
13025	210262
13025	213741
13025	214931
13025	214959
13025	215000
13025	215002
13025	215019
13025	215067
13025	215076
13025	215099
13025	215119
13025	215143
13025	215166
13025	215255
13025	215275
13025	215289
13025	215318
13025	287952
13518	14448
13518	16173
13518	20604
13518	20619
13518	20676
13518	21066
13518	29577
13518	38511
13518	38532
13518	63301
13518	93338
13518	125605
13518	125730
13518	216103
13518	216106
13518	216107
13847	15144
13847	15559
13847	16173
13847	18173
13847	18620
13847	20030
13847	20235
13847	20271
13847	20331
13847	20487
13847	20587
13847	20718
13847	20882
13847	20983
13847	21057
13847	21126
13847	21160
13847	21186
13847	21214
13847	21303
13847	21726
13847	25099
13847	29580
13847	30098
13847	30320
13847	30930
13847	38462
13847	70152
13847	75046
13847	77472
13847	179187
13847	210285
13847	217029
13847	217033
13847	217054
13882	20030
13882	20790
13882	20882
13882	21066
13882	21135
13882	54114
13882	215255
13882	217140
14027	15144
14027	15559
14027	15755
14027	16173
14027	18173
14027	18614
14027	19989
14027	20030
14027	20116
14027	20203
14027	20235
14027	20290
14027	20292
14027	20300
14027	20357
14027	20374
14027	20385
14027	20563
14027	20875
14027	21118
14027	21126
14027	21160
14027	21303
14027	22121
14027	29580
14027	30209
14027	35772
14027	38532
14027	51114
14027	59765
14027	241785
14448	16173
14448	20373
14448	21304
14448	177667
14448	203863
14448	218126
14606	16173
14606	20867
14606	21010
14606	21726
14606	32858
14606	36699
14606	63441
15059	27414
15144	15578
15144	16173
15144	18106
15144	18173
15144	18267
15144	18614
15144	20035
15144	20157
15144	20235
15144	20271
15144	20281
15144	20290
15144	20300
15144	20317
15144	20374
15144	20458
15144	20483
15144	20487
15144	20563
15144	20572
15144	20619
15144	20632
15144	20732
15144	20744
15144	20754
15144	20775
15144	20899
15144	20983
15144	20989
15144	21009
15144	21063
15144	21117
15144	21123
15144	21126
15144	21162
15144	21244
15144	21303
15144	21726
15144	25099
15144	30217
15144	30342
15144	30378
15144	30930
15144	33601
15144	33917
15144	38380
15144	61316
15144	63766
15144	103892
15144	108564
15144	117270
15144	117313
15144	178102
15144	208982
15144	210272
15144	212285
15231	18620
15353	18245
15353	20328
15353	21009
15353	21063
15353	21160
15353	30908
15353	51099
15353	72418
15353	169953
15559	15755
15559	16173
15559	18106
15559	18614
15559	19989
15559	20112
15559	20271
15559	20414
15559	20643
15559	20754
15559	20899
15559	21175
15559	21181
15559	29952
15559	33568
15559	37180
15559	38329
15559	52924
15559	62562
15559	70152
15559	95041
15559	108564
15559	135440
15559	179919
15559	208544
15559	220999
15578	18614
15578	20112
15578	20203
15578	20317
15578	20331
15578	20357
15578	20371
15578	20563
15578	21117
15578	21162
15578	21726
15578	38329
15578	38512
15578	91361
15578	108564
15578	188937
15755	16173
15755	18563
15755	20300
15755	20732
15755	21117
15755	21186
15755	63592
16006	18106
16055	18625
16055	20436
16055	21066
16055	38127
16055	94814
16055	96355
16055	167706
16055	222726
16100	18173
16100	20439
16100	20754
16100	21063
16100	51828
16173	18106
16173	18267
16173	18620
16173	18625
16173	20059
16173	20235
16173	20271
16173	20290
16173	20317
16173	20331
16173	20374
16173	20385
16173	20421
16173	20458
16173	20519
16173	20537
16173	20587
16173	20619
16173	20718
16173	20722
16173	20744
16173	20775
16173	20790
16173	20867
16173	20882
16173	20952
16173	20983
16173	20989
16173	21009
16173	21010
16173	21057
16173	21063
16173	21066
16173	21069
16173	21109
16173	21118
16173	21126
16173	21160
16173	21181
16173	21203
16173	21214
16173	21276
16173	21304
16173	21726
16173	29580
16173	29962
16173	30016
16173	30367
16173	30930
16173	32858
16173	33596
16173	37180
16173	37610
16173	38380
16173	38444
16173	38512
16173	38532
16173	47516
16173	56229
16173	63313
16173	63431
16173	73353
16173	74658
16173	74675
16173	85733
16173	91285
16173	92467
16173	93768
16173	96355
16173	97209
16173	99427
16173	103194
16173	108564
16173	117360
16173	125693
16173	133285
16173	166058
16173	167620
16173	174452
16173	174600
16173	177680
16173	179360
16173	179522
16173	179785
16173	188373
16173	222371
16173	222451
16173	222452
16173	222475
16173	222515
16173	222516
16333	18245
17173	92962
17284	145183
17829	20882
17829	21276
17829	67447
17829	96189
17829	154601
17829	210262
18106	18614
18106	18620
18106	19989
18106	20059
18106	20169
18106	20203
18106	20235
18106	20290
18106	20317
18106	20563
18106	20722
18106	20744
18106	20754
18106	20790
18106	20867
18106	20875
18106	20952
18106	21117
18106	21126
18106	21148
18106	21181
18106	21276
18106	21304
18106	21726
18106	22121
18106	29577
18106	29580
18106	30346
18106	31042
18106	33133
18106	33626
18106	33917
18106	37185
18106	37610
18106	38329
18106	38462
18106	38550
18106	47540
18106	56142
18106	59765
18106	63360
18106	63441
18106	70149
18106	73248
18106	73257
18106	74690
18106	74708
18106	87928
18106	93814
18106	103279
18106	103891
18106	106714
18106	117333
18106	118233
18106	171722
18106	176183
18106	178812
18106	188937
18106	208209
18106	210399
18106	211109
18106	213851
18106	217029
18106	242890
18106	245308
18106	662975
18106	662975
18173	18267
18173	20059
18173	20075
18173	20157
18173	20235
18173	20300
18173	20310
18173	20328
18173	20331
18173	20346
18173	20487
18173	20502
18173	20503
18173	20519
18173	20587
18173	20604
18173	20632
18173	20657
18173	20684
18173	20775
18173	20790
18173	20866
18173	20952
18173	21009
18173	21066
18173	21111
18173	21117
18173	21126
18173	21160
18173	21186
18173	21244
18173	21303
18173	21304
18173	22789
18173	25099
18173	25100
18173	26165
18173	27305
18173	30119
18173	30228
18173	30908
18173	37180
18173	37204
18173	38380
18173	61316
18173	62720
18173	63454
18173	63935
18173	64037
18173	67447
18173	69765
18173	73207
18173	74622
18173	91950
18173	92258
18173	92533
18173	93477
18173	93922
18173	95093
18173	95305
18173	95469
18173	99798
18173	102937
18173	103194
18173	115972
18173	138585
18173	169999
18173	173131
18173	175459
18173	177807
18173	178554
18173	213758
18173	215099
18173	228937
18173	228940
18196	18570
18196	20632
18196	50519
18196	228786
18196	228790
18245	18620
18245	18680
18245	19989
18245	20587
18245	20604
18245	21069
18245	21186
18245	21214
18245	21344
18245	35772
18245	63650
18245	174600
18267	20235
18267	20271
18267	20328
18267	20487
18267	20572
18267	20790
18267	20882
18267	20983
18267	21009
18267	21066
18267	21117
18267	21303
18267	30342
18267	30908
18267	63881
18267	64076
18267	70612
18267	95305
18267	125645
18267	134074
18267	170053
18563	19989
18563	20116
18563	20235
18563	20317
18563	20983
18563	37180
18563	63995
18570	20235
18570	20790
18570	21160
18570	22121
18570	29577
18570	38532
18570	46683
18570	50519
18570	95048
18570	95772
18570	228786
18570	228790
18614	18620
18614	19989
18614	20203
18614	20317
18614	20414
18614	20563
18614	20754
18614	20875
18614	21181
18614	21726
18614	30033
18614	30378
18614	30930
18614	33626
18614	37610
18614	38329
18614	38498
18614	59765
18614	61316
18614	63360
18614	64110
18614	74700
18614	87928
18614	98075
18614	99805
18614	176183
18614	177667
18614	188937
18614	208209
18614	345040
18620	20169
18620	20203
18620	20235
18620	20290
18620	20371
18620	20373
18620	20426
18620	20458
18620	20722
18620	20744
18620	20754
18620	20790
18620	20882
18620	20906
18620	20999
18620	21009
18620	21066
18620	21126
18620	21160
18620	21162
18620	21303
18620	21341
18620	29952
18620	30016
18620	30134
18620	30231
18620	33596
18620	37195
18620	38462
18620	38532
18620	46683
18620	63650
18620	64076
18620	70152
18620	93277
18620	93391
18620	103194
18620	108564
18620	139649
18620	170053
18620	174600
18620	179338
18620	179360
18620	180279
18620	211545
18620	216985
18620	221093
18620	230553
18620	230555
18620	230589
18625	20059
18625	20271
18625	20290
18625	20790
18625	20859
18625	21109
18625	30016
18625	93759
18625	115881
18625	230440
18625	230443
18680	30350
18680	36699
18680	71175
18680	106701
18680	108810
18680	113679
18680	153291
18680	179202
18690	35566
18690	67447
18690	221940
18740	20882
19170	19573
19170	27977
19527	20882
19573	19684
19573	47474
19573	91205
19573	92886
19573	121807
19573	129450
19573	234123
19573	398680
19684	47474
19684	91205
19684	233886
19684	233887
19989	20203
19989	20563
19989	20657
19989	20675
19989	20728
19989	20754
19989	20867
19989	21066
19989	21142
19989	21175
19989	21276
19989	21726
19989	23209
19989	29952
19989	33626
19989	37610
19989	38329
19989	38511
19989	59765
19989	67661
19989	71076
19989	107943
19989	108564
19989	117333
19989	135440
19989	180279
19989	188937
19989	211109
19989	221716
19989	340402
20003	20754
20003	51114
20030	20275
20030	20317
20030	20346
20030	20458
20030	20563
20030	20764
20030	20790
20030	20952
20030	21117
20030	21292
20030	29580
20030	30098
20030	30342
20030	30930
20030	35333
20030	38329
20030	38532
20030	178536
20030	188373
20035	20235
20035	20983
20035	37180
20035	175396
20036	20867
20036	20952
20036	20999
20036	21276
20036	37195
20059	20290
20059	20458
20059	20632
20059	20732
20059	20744
20059	21109
20059	21126
20059	21244
20059	21276
20059	21303
20059	21726
20059	29580
20059	30016
20059	33568
20059	33592
20059	38511
20059	63431
20059	64055
20059	70152
20059	93803
20059	179785
20059	188937
20075	21160
20075	21276
20075	64100
20075	251586
20112	20371
20112	21162
20112	33554
20112	33592
20112	33626
20112	70146
20112	165547
20112	180967
20116	20503
20116	20587
20116	30056
20116	63313
20143	20503
20143	20587
20143	20899
20143	21203
20143	21816
20143	29577
20143	38532
20143	63441
20143	63969
20143	64018
20143	179138
20157	20235
20157	20764
20157	20867
20157	21066
20157	21118
20157	21203
20157	47566
20157	115972
20169	21214
20169	30033
20169	63313
20169	95375
20169	115869
20203	20235
20203	20271
20203	20371
20203	20421
20203	20458
20203	20563
20203	20754
20203	20790
20203	20952
20203	21109
20203	21118
20203	21148
20203	21203
20203	21214
20203	21276
20203	21726
20203	30016
20203	30346
20203	37195
20203	38462
20203	51429
20203	71076
20203	94813
20203	108564
20203	179338
20235	20275
20235	20290
20235	20292
20235	20328
20235	20331
20235	20346
20235	20374
20235	20385
20235	20487
20235	20503
20235	20537
20235	20572
20235	20587
20235	20604
20235	20619
20235	20632
20235	20718
20235	20722
20235	20736
20235	20744
20235	20775
20235	20790
20235	20866
20235	20875
20235	20882
20235	20952
20235	20983
20235	20989
20235	20999
20235	21009
20235	21057
20235	21063
20235	21066
20235	21069
20235	21109
20235	21117
20235	21123
20235	21160
20235	21186
20235	21203
20235	21276
20235	21303
20235	21304
20235	22789
20235	25099
20235	26575
20235	29577
20235	29580
20235	30011
20235	30016
20235	30342
20235	30908
20235	30930
20235	33596
20235	33601
20235	33890
20235	37180
20235	37185
20235	38462
20235	38532
20235	38558
20235	56142
20235	62720
20235	63650
20235	64018
20235	64076
20235	64092
20235	73142
20235	73356
20235	74633
20235	74658
20235	74690
20235	92258
20235	92467
20235	92533
20235	95305
20235	96460
20235	97509
20235	97517
20235	115974
20235	117270
20235	123091
20235	125693
20235	134074
20235	170037
20235	170068
20235	175451
20235	177667
20235	180166
20235	215275
20235	216985
20235	218324
20235	227355
20235	240211
20271	20331
20271	20371
20271	20374
20271	20519
20271	20619
20271	20790
20271	20854
20271	21010
20271	21276
20271	36699
20271	37180
20271	37610
20271	38380
20271	85733
20271	93768
20271	108564
20271	167620
20275	74519
20281	20373
20281	20790
20281	20989
20281	21066
20281	21118
20281	21160
20281	30134
20281	30908
20281	93996
20281	141384
20281	213741
20281	221093
20290	20331
20290	20572
20290	20604
20290	20619
20290	20675
20290	20744
20290	20790
20290	20859
20290	20867
20290	20875
20290	20882
20290	20999
20290	21057
20290	21063
20290	21066
20290	21089
20290	21109
20290	21276
20290	29580
20290	30016
20290	30930
20290	33592
20290	33601
20290	37195
20290	37530
20290	37610
20290	38462
20290	47517
20290	63454
20290	63951
20290	64018
20290	73198
20290	94804
20290	95305
20290	98075
20290	101355
20290	115881
20290	125587
20290	125611
20290	179183
20290	179279
20290	179873
20290	180962
20290	208784
20290	230440
20290	230443
20290	238052
20290	238055
20292	20328
20292	20632
20292	20790
20292	20882
20292	21066
20292	21118
20292	21160
20292	30016
20292	30342
20292	38558
20292	50519
20292	53464
20292	63881
20292	64076
20292	72915
20292	74690
20292	93996
20292	94726
20292	95093
20292	108114
20292	117314
20292	123091
20292	134074
20292	143334
20292	180166
20292	199356
20292	222475
20292	234332
20292	244517
20292	244528
20300	20563
20300	20632
20300	20754
20300	20867
20300	20952
20300	21066
20300	21126
20300	21186
20300	21341
20300	21344
20300	29580
20300	30119
20300	38329
20300	47871
20300	59765
20300	64055
20300	64110
20300	71076
20300	72509
20300	93715
20300	133285
20300	176663
20300	210413
20300	243649
20300	243651
20300	662975
20300	662975
20310	20421
20310	75046
20311	29580
20311	87928
20311	93768
20317	20369
20317	20426
20317	20458
20317	20754
20317	20867
20317	20981
20317	21066
20317	21203
20317	21726
20317	23209
20317	29580
20317	29952
20317	30119
20317	35772
20317	40311
20317	59765
20317	63592
20317	70134
20317	70152
20317	77472
20317	93715
20317	94232
20317	97453
20317	97460
20317	108564
20317	125595
20317	174452
20317	246104
20328	20369
20328	20426
20328	20587
20328	20790
20328	20882
20328	21066
20328	21118
20328	21135
20328	21160
20328	21214
20328	21244
20328	21276
20328	30908
20328	37180
20328	38532
20328	62720
20328	63356
20328	67447
20328	71175
20328	73142
20328	74658
20328	92523
20328	95093
20328	115972
20328	170014
20331	20369
20331	20632
20331	20722
20331	20790
20331	20882
20331	20999
20331	21063
20331	21109
20331	21276
20331	30016
20331	37180
20331	46683
20346	20458
20346	20519
20346	20790
20346	21066
20346	21111
20346	21160
20346	29580
20346	30253
20346	30342
20346	33554
20346	38329
20346	38903
20346	55688
20346	64100
20346	74622
20346	74653
20346	87928
20346	115869
20346	177807
20346	188373
20346	208210
20346	215275
20346	217054
20346	222475
20346	240389
20357	20487
20357	21303
20357	63431
20369	20426
20369	21109
20369	21160
20369	30342
20369	67447
20369	112190
20369	234965
20371	20458
20371	20563
20371	21066
20371	21203
20371	30098
20371	33601
20371	36699
20371	37610
20371	38329
20371	62562
20371	62601
20371	63360
20371	64110
20371	70144
20371	73257
20371	74700
20371	180967
20371	202271
20371	237971
20373	20483
20373	20604
20373	20728
20373	21160
20373	40311
20373	97209
20373	179919
20373	186689
20374	20632
20374	20718
20374	20790
20374	20999
20374	21276
20374	30378
20374	30930
20374	37610
20374	70547
20374	240348
20385	20487
20385	20632
20385	20744
20385	20790
20385	20875
20385	20899
20385	20952
20385	21117
20385	21203
20385	21304
20385	30346
20385	64018
20385	91916
20385	179919
20414	20563
20414	21931
20414	29580
20414	59765
20414	70155
20414	99797
20414	188937
20414	208798
20421	20426
20421	20754
20421	20790
20421	21066
20421	21160
20421	26575
20421	71175
20426	21160
20426	21276
20426	30908
20426	63592
20426	74658
20426	92258
20426	94777
20426	101186
20426	115869
20426	116481
20426	167571
20426	244542
20436	20867
20436	21063
20436	21066
20436	25032
20436	62568
20436	64090
20436	93715
20436	228143
20436	304746
20439	21109
20439	37530
20458	20587
20458	20744
20458	20875
20458	20899
20458	21126
20458	21186
20458	21203
20458	21244
20458	21276
20458	33917
20458	33928
20458	38475
20458	64018
20458	74700
20458	93677
20458	97453
20458	99797
20458	103279
20458	104043
20458	106714
20458	108564
20458	170940
20458	179187
20458	179657
20458	180957
20458	180967
20458	188937
20458	213851
20458	217033
20483	21160
20483	74675
20487	20619
20487	20676
20487	20952
20487	21117
20487	21118
20487	21160
20487	30093
20487	30320
20487	30930
20487	102937
20487	125566
20502	20790
20502	20882
20502	21066
20502	115942
20503	29952
20503	30093
20503	30134
20503	51844
20503	108469
20503	221093
20519	21066
20519	21160
20519	21303
20519	30908
20519	74653
20519	74675
20519	93803
20519	167571
20537	20587
20537	20744
20537	20999
20537	21109
20537	38512
20537	102937
20537	244210
20551	20736
20551	30114
20551	108082
20551	228210
20563	20619
20563	20754
20563	20875
20563	21063
20563	21162
20563	21892
20563	37619
20563	47566
20563	60253
20563	62586
20563	63984
20563	91916
20563	106714
20563	167943
20563	208784
20572	20989
20572	21009
20572	21186
20572	30016
20572	46683
20572	67447
20587	20718
20587	20722
20587	20754
20587	20790
20587	20882
20587	21009
20587	21109
20587	21118
20587	21276
20587	21303
20587	26165
20587	30098
20587	30209
20587	30342
20587	32858
20587	33133
20587	38462
20587	46683
20587	74653
20587	77371
20587	92258
20587	92533
20587	92580
20587	93803
20587	95093
20587	112190
20587	125478
20587	153300
20587	174600
20587	205848
20587	222475
20587	244627
20604	20632
20604	20775
20604	20882
20604	30016
20604	61923
20604	63650
20604	64018
20604	92258
20604	96368
20604	100764
20604	174452
20604	178554
20604	215255
20604	251586
20619	20859
20619	20867
20619	20882
20619	21117
20619	30016
20619	30342
20619	33592
20619	61923
20619	63881
20619	69745
20619	94804
20619	208784
20619	218324
20619	244902
20632	20866
20632	38512
20632	74658
20632	97453
20657	70146
20657	188373
20675	21303
20675	28944
20675	38550
20675	46683
20675	64018
20676	21117
20676	38532
20676	38550
20684	117400
20684	143356
20684	245076
20685	21162
20718	20764
20718	20790
20718	20999
20718	21203
20718	25099
20718	29962
20718	30093
20718	115972
20718	242890
20722	20867
20722	20989
20722	21066
20722	21214
20722	21276
20722	30231
20722	33890
20722	38462
20722	46683
20722	94814
20722	108564
20722	148051
20722	210029
20728	20754
20728	20790
20728	21066
20728	21160
20728	115972
20728	141384
20728	243484
20728	245638
20728	251586
20732	20775
20732	33890
20732	96659
20732	212285
20736	21276
20736	95873
20744	20875
20744	21069
20744	33928
20744	38512
20744	74708
20744	91285
20744	112190
20744	117205
20744	125693
20744	180962
20744	244210
20754	21114
20754	21181
20754	21726
20754	21892
20754	29952
20754	33554
20754	38550
20754	59765
20754	63951
20754	64110
20754	70155
20754	87928
20754	98075
20754	103279
20754	103891
20754	104043
20754	108564
20754	125645
20754	133285
20754	208544
20754	211545
20754	213851
20754	221992
20754	245308
20764	20790
20764	21066
20764	21118
20764	21276
20764	38532
20764	93984
20764	133281
20775	20790
20775	20882
20775	25099
20775	37195
20775	94232
20775	95048
20790	20867
20790	20882
20790	21009
20790	21063
20790	21066
20790	21069
20790	21123
20790	21203
20790	21214
20790	21276
20790	21304
20790	21816
20790	22121
20790	22818
20790	25100
20790	29577
20790	29948
20790	30016
20790	30217
20790	30346
20790	33596
20790	33890
20790	35464
20790	37195
20790	37595
20790	38462
20790	38532
20790	38558
20790	45214
20790	50519
20790	51081
20790	51429
20790	56229
20790	56367
20790	60253
20790	60993
20790	62168
20790	62720
20790	62872
20790	63301
20790	63755
20790	63881
20790	63969
20790	64037
20790	64092
20790	67756
20790	69765
20790	73160
20790	73198
20790	73285
20790	73353
20790	74690
20790	75034
20790	82458
20790	92467
20790	92713
20790	92735
20790	93277
20790	93308
20790	93338
20790	93524
20790	93677
20790	93688
20790	93715
20790	93759
20790	93767
20790	93769
20790	93814
20790	93922
20790	94232
20790	94263
20790	94777
20790	94813
20790	94814
20790	94815
20790	95048
20790	95305
20790	95375
20790	95691
20790	95772
20790	96189
20790	97517
20790	101355
20790	102033
20790	105359
20790	107228
20790	115942
20790	116510
20790	117190
20790	117236
20790	117279
20790	117406
20790	125544
20790	125605
20790	125645
20790	125693
20790	125730
20790	134074
20790	138585
20790	141381
20790	142110
20790	143334
20790	154515
20790	154527
20790	154584
20790	154620
20790	167711
20790	174452
20790	175459
20790	175994
20790	176000
20790	180166
20790	180394
20790	183405
20790	187403
20790	189918
20790	199356
20790	201426
20790	203863
20790	204855
20790	205523
20790	207604
20790	210262
20790	210756
20790	213740
20790	213758
20790	216103
20790	216107
20790	216747
20790	218126
20790	222371
20790	228786
20790	233834
20790	234332
20790	235084
20790	235638
20790	236240
20790	236973
20790	236991
20790	237018
20790	240211
20790	241088
20790	241785
20790	242872
20790	245638
20790	246470
20790	246520
20790	247059
20790	247060
20790	247061
20790	247063
20790	247064
20790	247067
20790	247069
20790	247070
20790	247071
20790	247072
20790	247075
20790	247077
20790	247080
20790	247082
20790	247086
20790	247088
20790	247091
20790	247093
20790	247096
20790	247098
20790	247100
20790	247101
20790	247102
20790	247104
20790	247111
20790	247118
20790	247119
20790	247120
20790	247121
20790	247122
20790	247123
20790	247124
20790	247125
20790	247128
20790	247130
20790	247135
20790	247136
20790	247137
20790	247138
20790	247139
20790	247143
20790	247150
20790	248981
20790	339836
20854	21066
20854	38444
20854	73251
20859	30016
20859	30342
20859	238055
20866	20875
20866	33928
20866	108564
20866	170068
20867	20875
20867	20882
20867	20899
20867	21109
20867	21276
20867	21341
20867	30016
20867	32858
20867	33554
20867	33592
20867	33601
20867	36699
20867	38329
20867	54114
20867	56142
20867	62273
20867	77464
20867	77480
20867	90939
20867	99646
20867	101355
20867	108564
20867	124487
20867	125478
20867	188390
20867	189265
20867	210231
20867	210262
20867	217029
20867	222451
20867	238055
20867	242359
20867	242890
20867	246279
20867	246986
20867	247018
20867	247036
20875	20983
20875	21126
20875	21181
20875	21303
20875	29580
20875	30016
20875	30033
20875	33928
20875	37195
20875	91285
20875	96575
20875	115940
20875	125587
20875	188937
20875	248107
20882	20989
20882	20999
20882	21066
20882	21069
20882	21214
20882	21816
20882	27305
20882	30016
20882	30346
20882	30367
20882	32127
20882	33596
20882	37195
20882	37204
20882	37597
20882	38462
20882	38512
20882	46683
20882	56142
20882	60253
20882	60993
20882	62168
20882	62223
20882	62720
20882	62872
20882	63301
20882	63441
20882	63881
20882	63969
20882	64018
20882	64037
20882	64090
20882	69745
20882	70144
20882	73285
20882	73353
20882	74633
20882	74658
20882	74690
20882	74715
20882	93277
20882	93338
20882	93677
20882	93715
20882	93730
20882	94232
20882	94804
20882	95048
20882	95168
20882	95279
20882	107932
20882	115942
20882	117310
20882	117333
20882	117406
20882	125544
20882	125730
20882	134074
20882	143334
20882	154515
20882	154645
20882	167711
20882	175459
20882	175994
20882	180166
20882	203863
20882	210934
20882	216103
20882	217029
20882	217140
20882	218126
20882	222475
20882	242890
20882	244542
20882	244765
20882	245638
20882	246279
20882	247063
20882	247071
20882	247121
20882	247122
20882	247137
20882	247200
20882	247231
20882	247237
20882	247243
20882	248146
20882	248147
20882	248148
20882	248150
20882	248154
20882	248159
20882	248164
20899	21244
20899	21276
20899	27374
20899	29580
20899	35772
20899	38462
20899	38529
20899	56142
20899	61316
20899	63441
20899	70152
20899	98075
20899	115942
20899	210667
20899	213851
20899	237575
20906	21063
20906	21160
20906	77480
20906	93996
20906	143334
20906	234332
20952	21010
20952	21066
20952	21117
20952	21160
20952	21303
20952	26165
20952	29580
20952	30908
20952	37195
20952	38329
20952	85733
20952	93715
20952	96771
20952	106742
20952	108564
20952	167572
20952	167684
20952	188373
20952	251586
20981	21066
20981	95688
20981	108082
20981	135642
20983	20999
20983	21063
20983	21066
20983	21160
20983	21304
20983	35772
20983	71175
20983	112190
20983	215318
20989	20999
20989	21009
20989	21066
20989	25099
20989	30356
20989	32127
20989	51844
20989	62720
20989	64018
20989	97167
20989	248230
20999	21089
20999	21118
20999	21214
20999	21303
20999	30016
20999	37180
20999	37589
20999	38558
20999	64092
20999	70152
20999	77472
20999	125478
21006	21010
21006	21726
21006	30346
21006	56142
21006	108564
21006	188937
21006	288316
21009	21063
21009	21186
21009	30342
21009	30908
21009	73142
21009	93287
21009	117270
21010	21066
21010	21203
21010	21276
21010	32858
21010	64018
21010	188937
21057	21069
21057	21203
21057	30016
21063	21203
21063	21244
21063	22860
21063	29962
21063	30016
21063	30093
21063	30209
21063	30342
21063	30930
21063	33917
21063	38329
21063	56142
21063	72418
21063	73285
21063	87928
21063	93803
21063	117313
21063	169953
21063	170053
21063	182416
21063	187403
21063	221215
21063	228143
21063	247462
21063	248699
21066	21069
21066	21118
21066	21123
21066	21160
21066	21203
21066	21304
21066	21341
21066	21816
21066	22818
21066	23271
21066	25100
21066	29171
21066	29577
21066	29948
21066	30016
21066	30098
21066	30217
21066	30231
21066	30346
21066	32860
21066	33133
21066	33592
21066	33890
21066	35464
21066	36585
21066	37031
21066	37195
21066	37204
21066	37595
21066	37597
21066	38329
21066	38532
21066	38558
21066	42322
21066	45214
21066	46683
21066	46867
21066	47871
21066	49749
21066	51429
21066	53464
21066	56142
21066	56229
21066	56367
21066	57403
21066	60253
21066	60993
21066	62168
21066	62720
21066	62872
21066	63356
21066	63755
21066	63779
21066	63881
21066	63969
21066	64037
21066	64039
21066	64092
21066	67756
21066	68370
21066	69765
21066	70010
21066	70126
21066	70134
21066	70612
21066	72915
21066	73160
21066	73198
21066	73207
21066	73285
21066	73353
21066	73396
21066	74690
21066	74708
21066	75034
21066	77467
21066	82458
21066	86891
21066	92467
21066	92713
21066	92735
21066	93277
21066	93308
21066	93338
21066	93524
21066	93540
21066	93566
21066	93602
21066	93677
21066	93688
21066	93715
21066	93730
21066	93767
21066	93769
21066	93814
21066	93922
21066	93984
21066	93996
21066	94232
21066	94263
21066	94674
21066	94726
21066	94777
21066	94795
21066	94814
21066	94815
21066	95093
21066	95168
21066	95246
21066	95305
21066	95375
21066	95691
21066	95692
21066	95772
21066	97209
21066	97517
21066	99646
21066	100232
21066	100764
21066	101994
21066	102033
21066	105359
21066	107228
21066	107932
21066	107933
21066	108114
21066	108469
21066	108810
21066	115942
21066	115972
21066	116510
21066	117190
21066	117236
21066	117279
21066	117314
21066	117320
21066	117406
21066	118929
21066	123128
21066	123254
21066	124487
21066	124823
21066	125260
21066	125605
21066	125693
21066	125730
21066	126519
21066	126577
21066	133281
21066	134074
21066	135701
21066	138370
21066	138585
21066	141766
21066	142110
21066	143334
21066	153687
21066	154515
21066	154527
21066	154584
21066	154620
21066	155961
21066	164439
21066	165547
21066	166058
21066	167571
21066	167673
21066	167711
21066	167733
21066	169953
21066	170014
21066	170037
21066	172420
21066	174452
21066	175459
21066	175994
21066	176000
21066	177415
21066	177854
21066	179360
21066	180166
21066	180376
21066	180394
21066	180527
21066	182425
21066	183478
21066	187403
21066	187641
21066	189325
21066	189918
21066	198137
21066	199356
21066	201426
21066	203863
21066	204855
21066	205523
21066	206868
21066	207604
21066	208783
21066	210199
21066	210272
21066	210756
21066	210791
21066	210948
21066	211442
21066	213740
21066	213741
21066	213758
21066	213761
21066	215002
21066	215067
21066	215255
21066	215289
21066	215372
21066	216103
21066	216106
21066	216107
21066	216747
21066	216757
21066	218126
21066	222371
21066	222451
21066	222452
21066	222475
21066	228937
21066	230553
21066	230555
21066	230589
21066	233834
21066	235084
21066	235094
21066	235103
21066	235638
21066	236240
21066	236253
21066	236963
21066	236973
21066	236991
21066	237005
21066	237018
21066	238797
21066	240211
21066	240389
21066	241088
21066	241785
21066	242519
21066	243484
21066	243844
21066	244517
21066	244528
21066	244542
21066	245638
21066	245975
21066	246470
21066	246520
21066	247018
21066	247059
21066	247060
21066	247061
21066	247064
21066	247067
21066	247069
21066	247070
21066	247071
21066	247075
21066	247077
21066	247080
21066	247082
21066	247086
21066	247088
21066	247091
21066	247093
21066	247096
21066	247098
21066	247100
21066	247101
21066	247102
21066	247104
21066	247111
21066	247118
21066	247119
21066	247120
21066	247121
21066	247122
21066	247123
21066	247124
21066	247125
21066	247128
21066	247130
21066	247135
21066	247136
21066	247138
21066	247139
21066	247143
21066	247150
21066	247462
21066	248147
21066	248148
21066	248936
21066	248937
21066	248938
21066	248939
21066	248940
21066	248941
21066	248942
21066	248943
21066	248944
21066	248945
21066	248947
21066	248948
21066	248949
21066	248951
21066	248953
21066	248956
21066	248957
21066	248961
21066	248963
21066	248964
21066	248965
21066	248966
21066	248967
21066	248968
21066	248969
21066	248970
21066	248971
21066	248972
21066	248973
21066	248975
21066	248977
21066	248978
21066	248979
21066	248980
21066	248981
21066	248983
21066	248985
21066	248986
21066	248987
21066	248988
21066	248989
21066	248990
21066	248996
21066	248998
21066	248999
21066	249001
21066	249004
21066	249005
21066	249007
21066	249008
21066	249009
21066	249010
21066	249011
21066	249012
21066	249013
21066	249014
21066	249015
21066	249016
21066	249017
21066	249018
21066	249019
21066	249020
21066	249021
21066	249022
21066	249023
21066	249024
21066	249025
21066	249026
21066	249027
21066	249028
21066	249029
21066	249030
21066	249031
21066	249032
21066	249033
21066	249034
21066	249035
21066	249037
21066	249038
21066	249039
21066	249040
21066	249042
21066	249045
21066	249047
21066	249048
21066	249050
21066	249051
21066	249052
21066	249054
21066	249055
21066	249056
21066	249058
21066	249059
21066	249060
21066	249061
21066	249062
21066	249063
21066	249065
21066	249066
21066	249067
21066	249068
21066	249071
21066	249073
21066	249074
21066	249075
21066	249077
21066	249079
21066	249080
21066	251586
21066	304746
21066	349341
21069	21186
21069	30342
21069	38532
21069	97209
21069	180957
21089	21276
21089	30016
21089	93803
21109	30016
21109	30056
21109	30930
21109	33601
21109	33626
21109	33917
21109	37185
21109	37195
21109	38512
21109	64055
21109	74658
21109	74708
21109	93715
21109	93803
21109	94232
21109	174452
21109	179785
21109	210399
21109	215451
21109	249874
21117	21118
21117	21123
21117	21892
21117	29580
21117	30930
21117	71076
21118	21160
21118	21203
21118	21276
21118	21344
21118	21816
21118	29577
21118	62720
21118	63969
21118	69765
21118	75034
21118	93338
21118	94726
21118	95375
21118	95691
21118	117314
21118	125605
21118	125693
21118	125730
21118	153291
21118	167711
21118	175459
21118	187636
21118	213741
21118	215318
21118	241785
21118	247060
21118	247086
21118	247102
21118	247128
21123	30228
21123	30258
21123	38529
21123	92117
21123	96592
21123	108564
21123	166058
21123	177858
21126	21244
21126	30016
21126	37195
21126	244902
21135	73396
21135	115972
21135	170053
21135	178554
21135	250075
21142	21175
21142	29952
21148	30342
21148	30346
21148	132525
21148	197801
21148	251692
21148	655500
21160	21186
21160	21203
21160	21214
21160	26575
21160	30134
21160	30231
21160	30342
21160	30908
21160	31042
21160	37180
21160	37185
21160	38498
21160	46683
21160	50519
21160	56367
21160	60993
21160	62720
21160	63881
21160	64092
21160	72915
21160	73142
21160	73160
21160	74658
21160	74690
21160	91285
21160	91950
21160	92533
21160	93287
21160	93391
21160	93688
21160	93922
21160	93984
21160	93996
21160	94726
21160	95093
21160	95379
21160	95772
21160	125605
21160	167571
21160	169999
21160	178554
21160	228940
21162	30930
21162	37195
21162	38511
21162	38550
21162	74708
21162	107943
21162	108564
21162	136171
21162	221992
21162	242321
21175	23209
21175	220999
21181	33928
21181	59765
21181	61316
21181	108564
21186	22789
21186	26575
21186	30342
21186	37180
21186	67447
21203	21726
21203	22860
21203	25032
21203	32618
21203	33133
21203	38329
21203	70134
21203	73356
21203	74633
21203	93715
21203	93996
21203	94815
21203	97453
21203	97460
21203	125693
21203	177807
21203	180394
21203	180967
21214	21276
21214	38462
21214	64076
21214	179338
21244	30056
21244	141381
21276	21303
21276	21726
21276	30016
21276	30367
21276	30930
21276	33596
21276	37610
21276	38462
21276	46683
21276	47566
21276	62720
21276	63301
21276	63441
21276	63650
21276	70152
21276	75046
21276	91916
21276	107228
21276	108564
21276	117392
21276	125478
21276	178554
21276	208798
21276	222371
21276	239870
21276	251918
21276	287952
21292	30098
21292	100180
21303	26165
21303	30253
21303	37195
21303	37204
21303	38512
21303	96189
21304	33596
21304	47871
21304	54114
21304	93803
21304	215255
21304	367624
21341	30342
21341	125544
21344	30114
21344	62720
21344	154526
21344	167682
21344	247067
21344	252395
21503	103100
21726	30056
21726	37610
21726	37619
21726	59765
21726	63441
21726	179086
21726	188937
21816	30346
21816	38532
21816	51114
21816	63921
21816	74690
21816	95772
21816	108564
21816	117205
21816	180376
21816	222451
21892	61316
21931	73257
21931	144537
22121	100180
22121	106714
22121	216287
22121	258450
22121	258462
22121	647056
22737	26920
22737	27977
22737	260355
22789	241785
22789	248943
22860	170583
23209	29952
23209	93477
23209	96592
23271	30016
23271	87932
23503	61351
23503	88596
23503	138964
23503	138993
23503	145276
23503	145305
23503	145407
23503	149999
23503	150009
23503	194076
24254	112183
24254	154601
24254	267700
24254	267701
24373	62368
24373	138993
24373	145169
24373	145543
24373	150018
24373	268077
24373	268084
24373	268093
24403	27977
25032	644574
25099	30016
25099	30134
25099	30367
25099	37185
25099	57403
25099	63881
25099	64018
25099	180962
25099	205971
25307	38164
25307	87205
26165	30011
26165	62168
26575	30930
26575	56367
26575	123091
26575	123254
26575	180376
26920	27977
26920	87205
27305	63441
27305	72509
27374	29580
27374	135440
27374	179657
27414	279007
27466	193399
27977	28001
27977	28080
27977	28110
27977	28190
27977	47630
27977	47633
27977	60993
27977	63156
27977	73396
27977	87205
27977	108114
27977	115974
27977	193419
27977	202739
27977	206884
27977	206938
27977	226063
27977	260355
27977	281516
27977	281544
27977	281603
28080	156534
28084	282577
28110	29533
28216	35772
28216	86094
28216	97466
28216	125478
28216	282330
28643	177445
28643	283294
28944	28968
28944	38550
28944	91916
29171	51114
29171	103892
29533	87205
29577	108564
29580	30016
29580	30346
29580	38329
29580	63441
29580	63810
29580	63995
29580	64018
29580	74658
29580	96659
29580	99646
29580	125478
29580	135440
29580	173025
29580	208798
29580	221992
29952	64110
29952	91285
29952	94232
29952	96368
29952	96659
29952	103891
29962	30093
30011	37185
30011	95168
30011	216985
30011	219326
30016	30930
30016	33592
30016	33601
30016	37180
30016	37195
30016	37530
30016	38329
30016	38462
30016	47517
30016	60993
30016	63454
30016	63951
30016	64018
30016	73198
30016	94804
30016	95305
30016	115881
30016	125587
30016	179183
30016	179279
30016	180962
30016	210675
30016	230440
30016	230443
30016	238052
30016	238055
30016	248150
30033	113679
30046	30093
30046	93524
30056	63313
30056	96575
30056	175396
30093	87928
30093	125693
30098	70146
30098	70149
30098	95688
30098	97209
30098	104018
30098	117360
30098	244902
30098	288315
30098	288316
30114	30231
30114	36699
30114	71076
30114	108810
30114	114320
30114	141447
30114	287958
30119	93715
30119	177439
30119	234251
30134	72915
30134	73142
30134	92467
30134	103194
30134	115972
30134	169999
30134	215275
30217	97209
30217	115942
30217	247143
30231	213761
30231	251586
30253	62223
30342	33601
30342	93803
30342	103892
30342	117313
30342	170053
30346	38532
30346	46683
30346	62720
30346	63759
30346	63766
30346	67756
30346	74690
30346	95772
30350	94804
30350	154601
30350	179202
30350	288930
30356	63984
30367	38558
30367	115881
30908	37180
30908	60993
30908	62720
30908	72418
30908	73142
30908	74658
30908	74690
30908	95772
30908	153291
30908	169999
30930	31042
30930	67447
30930	136171
30930	167620
31042	33568
31042	74658
31042	125478
31042	211442
32127	32618
32127	33133
32127	215255
32127	293682
32612	96460
32618	33133
32618	117310
32618	208703
32860	249079
32912	96189
32912	294495
33133	72915
33133	73198
33133	208703
33554	108564
33554	188937
33568	125478
33592	203863
33592	242321
33596	56142
33596	69745
33596	92467
33596	170053
33596	180166
33596	219326
33601	38532
33601	125611
33601	212285
33620	96587
33620	177415
33626	33917
33626	37185
33626	47566
33626	56142
33626	59765
33626	87928
33626	188937
33626	228143
33890	177807
33890	188937
33890	242359
33917	248146
33917	296609
33917	662975
33917	662975
33928	36585
35333	37610
35333	70144
35566	59765
35566	188937
35566	287952
35772	86094
35772	97466
35772	125478
35772	176663
35772	177762
35772	180722
35772	231070
35772	282330
36585	64090
36585	93715
36585	247098
36699	69481
37046	70134
37046	93715
37046	97453
37046	130333
37046	230096
37180	64058
37180	67447
37185	37195
37185	64058
37185	123091
37185	205863
37185	304746
37195	37610
37195	38529
37195	67756
37195	70152
37195	73207
37195	94232
37195	167571
37195	174452
37195	174600
37195	179187
37195	179338
37195	248147
37204	73207
37204	77371
37530	178102
37595	64037
37595	70152
37595	93391
37595	177415
37595	307023
37597	93803
37597	175459
37610	46683
37610	70152
37610	91916
37610	117360
37610	208783
37619	63441
37619	98096
38164	248107
38329	51429
38329	63984
38329	70134
38329	74690
38329	74708
38329	108564
38329	115940
38329	202271
38329	210413
38380	93287
38380	103279
38380	117190
38444	38511
38460	64110
38460	77444
38460	96189
38460	165517
38462	75046
38462	93759
38462	94232
38462	94804
38462	115972
38462	180166
38462	222451
38482	67447
38498	92533
38498	106705
38498	268872
38511	73231
38511	135440
38511	423835
38512	64018
38512	74690
38512	85733
38512	106714
38512	170053
38532	46683
38532	62720
38532	63921
38532	64076
38532	73207
38532	93984
38532	95772
38532	97209
38532	97517
38532	117314
38532	125605
38532	125693
38532	143879
38532	167589
38532	167711
38532	174452
38532	177807
38532	213740
38532	236253
38532	248966
38532	248989
38532	249027
38550	64018
38550	73356
38558	62720
38558	180394
38559	73406
38903	213850
40311	245308
42322	108810
42471	83413
42471	313871
42471	313878
42575	62872
42575	104043
44735	102937
45214	74658
46683	62168
46683	62249
46683	63881
46683	64076
46683	70152
46683	95772
46867	93677
47474	91205
47474	92887
47474	92895
47474	121807
47547	63759
47547	123339
47547	179202
47547	210399
47547	251423
47547	315334
47547	322157
47547	364387
47566	63441
47566	115881
47707	80753
47871	62720
47871	64018
49749	247071
50519	72915
50519	93688
51081	327214
51081	327216
51099	216985
51114	103892
51114	235580
51429	62273
51429	70149
51429	75034
51429	93715
51429	108564
51429	216106
51429	251586
51429	327584
51429	349341
51656	167747
51828	92192
51828	104917
51828	150169
51828	199356
51828	328211
51828	328219
51828	328227
51828	328294
51828	328354
51844	59765
51844	62720
51844	63313
51844	93803
51844	100764
51844	108469
51844	246104
52924	95873
52924	173131
54114	70134
54114	93715
54114	188937
54114	247462
54114	248107
54114	248699
54114	364387
55688	218324
56142	63441
56142	71175
56142	74519
56142	82458
56142	154515
56142	222451
56142	244210
56142	247243
56367	73353
56367	97517
56367	115942
59765	62562
59765	63360
59765	63597
59765	73248
59765	99805
59765	135440
59765	307320
60253	92523
60253	95168
60253	117310
61316	61923
61316	73374
61316	188937
61316	256557
61351	88596
61351	145167
61351	145169
61351	145280
61351	145543
61351	194033
61351	194076
61351	268093
61906	71076
61906	304746
61906	343949
62168	62720
62168	63313
62168	92467
62168	180394
62223	64055
62223	180166
62257	184298
62257	188161
62257	227939
62257	344558
62273	108564
62368	62371
62368	88650
62368	138964
62368	138993
62368	145167
62368	145301
62368	145543
62368	148668
62371	138964
62371	138992
62371	138993
62371	145167
62371	145169
62371	145407
62371	191234
62371	344509
62371	344514
62562	62568
62562	73248
62562	124487
62562	340402
62562	345650
62568	63759
62568	77444
62568	425242
62568	478639
62586	62601
62586	176183
62586	188937
62586	221716
62586	287952
62586	345040
62601	74708
62601	208726
62601	210399
62601	221716
62720	63969
62720	71076
62720	73285
62720	93996
62720	94815
62720	95772
62720	172420
62720	174452
62720	236963
62720	247071
62872	64076
62872	69782
62872	94232
62872	95093
62872	177807
62872	242188
62872	248996
63313	73257
63313	95772
63313	177667
63313	213741
63356	63454
63360	108564
63360	202271
63360	208982
63360	348536
63360	348537
63360	348538
63431	349341
63441	71076
63441	91140
63441	250075
63592	93715
63592	97453
63633	84929
63633	87337
63633	91403
63633	93308
63633	93797
63633	113679
63650	64018
63755	178147
63755	240052
63755	288904
63759	67447
63759	103892
63759	188937
63759	364387
63810	71175
63810	106742
63810	167571
63881	92802
63881	93984
63881	215255
63935	177807
63969	95168
63969	95772
63969	166058
63969	180376
63984	65462
63984	108437
63984	170599
63984	221889
63984	264059
63995	92922
63995	108564
63995	124487
63995	165517
64018	72394
64018	154608
64018	215255
64018	232260
64018	238055
64037	97209
64037	166058
64037	175459
64037	247128
64055	125595
64076	95305
64090	96189
64090	350998
64090	351000
64092	77472
64092	94814
64092	103891
64092	107943
64092	108564
64092	141766
64092	174600
64100	73285
64100	86891
66510	66535
66510	354449
66515	66550
66515	354449
66516	66550
66516	354449
66530	66550
66530	122497
66530	126291
66532	66536
66532	66545
66532	66550
66532	354449
66535	66545
66535	354257
66535	354449
66536	354449
66541	66550
66545	66550
66545	339111
66545	354449
66545	354474
66549	66550
66549	354449
66550	184076
66550	301459
66550	354255
66550	354257
66550	354448
66550	354449
66550	354454
66553	354449
67447	91950
67447	108469
67447	246104
68175	115972
68175	173131
68175	205978
68370	71076
68370	180166
69481	186335
69481	208210
69481	332564
69745	210262
69745	216985
69779	146333
69782	220999
70126	158825
70126	181213
70126	213846
70134	97453
70134	97460
70134	174452
70134	177439
70134	210199
70134	349509
70134	358746
70146	70149
70146	210399
70149	210399
70149	219490
70149	244902
70149	304746
70149	358663
70152	93477
70152	174600
70612	72915
70612	126519
71076	77371
71076	112183
71076	247138
71076	274145
71076	304746
71076	360418
71076	360595
71175	108082
71175	176183
71175	345040
72509	179077
72915	96189
72915	134074
72915	244542
73142	115972
73142	248147
73160	107228
73160	177807
73160	180394
73207	215255
73251	73257
73257	108564
73257	208617
73285	108564
73285	236240
73353	75034
73353	215255
73353	222371
73353	366087
73356	99797
73356	106742
73356	125693
73374	188937
73416	87205
73416	645203
74519	211109
74622	175451
74653	117310
74658	74675
74658	91916
74658	117360
74658	125478
74658	125544
74658	180394
74658	271981
74675	92795
74675	182416
74690	74708
74690	82458
74690	95048
74690	123128
74690	205523
74690	216985
74690	219326
74690	249012
74708	123128
75034	176000
75034	247071
77371	93477
77371	117406
77371	208783
77371	242188
77386	213741
77386	216985
77464	99805
77472	107943
77472	108564
77472	125645
77472	221992
77480	177807
82458	322084
83295	108236
83413	149462
84929	106412
84929	109743
84929	109884
86094	97466
86094	125478
86891	108564
87045	354449
87111	161557
87205	202654
87205	202739
87337	93797
87337	104096
87337	109884
87337	125566
87928	176183
87928	188937
87928	215318
87928	228143
87932	96355
88596	88650
88596	96998
88596	138993
88596	145167
88596	145169
88596	145183
88596	145276
88596	145280
88596	145301
88596	145337
88596	145407
88596	145543
88596	150009
88596	194076
88650	145336
88650	150018
88650	391401
91205	92895
91205	121807
91285	215143
91403	109743
91403	109884
91916	221992
91916	222451
91916	287952
91950	92533
91950	96460
91950	99798
92117	166058
92117	177858
92467	180394
92533	92580
92580	205883
92735	180394
92802	115972
92872	92895
92874	398680
92886	129450
92886	234123
92887	398680
92895	184987
92895	234123
92895	398680
92895	398747
92895	398749
92922	124487
93287	247064
93287	350998
93338	166058
93338	222451
93338	251586
93391	222451
93477	100787
93477	177763
93477	322278
93566	268249
93715	97453
93715	174452
93715	177439
93715	180527
93715	213851
93715	301048
93715	332388
93767	97209
93768	115940
93768	177415
93768	254104
93803	180962
93803	208798
93913	94032
93913	107332
93984	107228
93984	245975
93996	94815
93996	125730
94032	223542
94032	401824
94232	134074
94232	248996
94263	251586
94674	108564
94804	108082
94804	332388
94814	175459
95041	173131
95041	178554
95041	215275
95168	102033
95168	182416
95168	216985
95168	247071
95246	215067
95279	115940
95305	216985
95379	267700
95772	97209
95772	167711
95772	174452
95772	213740
95772	213741
95873	237005
96189	202290
96189	327683
96189	662197
96355	125663
96355	268872
96587	228007
96587	293465
96587	407612
96998	138992
96998	145183
96998	145301
97453	97460
97453	174452
97453	180967
97453	247655
97460	174452
97466	125478
97466	176663
97466	231070
99427	221992
99427	287952
99797	179657
99797	208798
99798	210399
100764	205883
101186	213741
102033	154584
102033	247071
103279	176183
103279	188937
103892	174452
104018	176183
104096	109884
104473	107943
106742	117360
106742	420865
107228	174452
107228	247071
107729	170940
107932	247071
107943	108564
107943	117360
107943	179086
107943	211545
107943	221716
108082	170940
108564	172420
108564	174452
108564	176183
108564	176222
108564	179086
108564	180394
108564	188937
108564	199356
108564	205848
108564	208617
108564	246104
108564	296609
108564	395979
108564	481736
109884	424494
112183	177445
112183	178386
112183	178939
112183	251423
114320	117400
114320	173025
115870	208210
115878	332564
115881	115942
115940	179785
115940	188161
115942	180376
115972	117270
115972	215289
116510	186484
116543	188937
117186	429241
117270	125693
117279	247071
117313	167711
117313	175451
117314	134074
117333	222451
117360	186335
117360	332564
117360	429420
117392	222451
117400	143356
117400	238004
117400	245076
117400	429383
117400	429384
117412	177415
117412	222451
117412	247098
121807	398747
121807	431256
121807	431257
122497	126291
122497	126310
123091	187636
123128	180166
123128	240211
123128	249010
123339	177445
123339	251423
123339	315334
123339	433670
124823	247122
125478	176663
125587	180962
125611	296609
125645	180166
125645	222451
125663	249039
125693	248147
125693	249080
125693	251330
125730	166058
125730	247462
126291	311357
126291	437620
129450	234123
129976	165517
130318	170940
130318	176183
130325	208798
133281	246520
133285	177680
134074	170053
134074	175426
134074	175451
134074	177415
134074	245638
135440	240052
138585	274145
138764	138993
138964	138992
138964	145167
138964	145169
138964	145280
138964	150018
138964	191234
138964	194033
138992	145543
138992	150009
138992	150018
138992	191234
138992	194076
138993	145167
138993	145178
138993	145183
138993	145276
138993	145280
138993	145301
138993	145305
138993	145407
138993	145543
138993	146309
138993	148668
138993	150009
138993	191162
138993	191234
138993	194033
138993	194044
138993	194084
138993	268084
138993	268093
138993	328908
138993	336138
138993	347967
138993	448385
138993	448392
138993	448397
138993	448412
138993	448413
138993	451990
138993	525708
139888	156534
141384	174452
143879	167571
143879	187636
145162	145167
145167	145169
145167	145183
145167	150009
145167	150018
145167	191234
145167	194084
145167	451854
145169	145183
145169	145280
145169	145407
145169	148668
145169	191234
145169	285527
145169	451868
145169	451870
145178	148668
145183	145543
145276	145280
145276	145301
145276	145305
145276	194033
145276	194076
145276	328908
145276	347967
145280	145301
145280	145543
145280	148668
145280	191234
145280	194076
145280	268077
145280	336138
145280	451870
145301	525708
145305	145543
145305	191234
145305	448385
145337	145543
145407	451920
145543	148668
145543	194044
145543	336138
145543	451989
145543	451990
145543	451991
146309	148668
146309	525708
148668	451990
148668	453436
149999	150018
150009	194076
150009	336138
150018	454166
153291	399348
153291	455543
154515	180376
154515	216747
154515	456269
154601	204230
154601	242580
154601	251423
154601	267701
154601	455543
154601	456324
154601	456328
154645	177854
154645	208282
156534	458127
156534	526519
161557	285576
161557	443752
161557	462034
161557	462035
161557	462036
165517	210667
165517	288316
165547	251586
166058	210199
166058	247086
167164	177445
167164	242580
167571	244542
167571	245975
167610	170940
167620	205848
167706	248159
167711	175451
167711	182416
167747	287958
169953	215143
170053	247137
170068	467617
171722	178147
172420	213740
172420	234332
173131	187155
173131	205978
174452	176000
174452	176183
174452	177439
174452	179360
174452	268249
175396	175421
175396	325912
175396	469579
175396	471554
175421	469579
175421	471554
175451	180166
175451	216985
176183	181213
176183	211109
176183	287952
176183	288904
176183	345040
177439	234251
177439	248699
177445	179202
177445	202280
177445	242580
177445	455543
177445	473916
177667	248306
177667	314814
177807	213740
177854	178865
177854	218126
178147	213852
178147	240052
179086	188937
179138	255936
179183	221992
179187	217033
179202	204230
179202	288930
179202	475529
179279	180376
179657	248306
179657	475831
179785	215451
179785	249874
179919	208798
179998	218126
180166	215289
180166	245638
180279	322084
180304	210262
180376	213741
180376	216103
180376	236240
180376	248147
180722	248435
180967	192561
180967	208544
181647	282577
182416	182425
183405	222451
184076	354449
184987	234123
186335	332564
186689	256557
187636	213849
188004	481736
188373	218324
188937	213851
188937	228143
188937	364387
188937	662975
188937	662975
190454	202280
190454	204230
190454	483670
191234	285527
191234	336138
191234	451870
191234	525708
192561	197801
192561	213852
192561	240052
193399	486215
194033	328908
194033	347967
194076	328908
202280	208209
202280	210399
202290	327683
203863	245638
204230	322157
205523	221093
205523	509922
208544	481605
208617	481736
208703	251918
208726	211109
208784	325587
210199	213741
210399	247462
210399	248699
210413	212961
210667	213849
210675	211947
212443	237575
213758	222451
213758	656316
213850	499386
213852	240052
213852	271981
215143	215289
215451	249874
216985	219326
216985	221537
216985	501908
217029	222451
218079	260355
219326	243844
221537	501908
221992	348538
222451	373428
222726	506483
223542	401824
227939	344558
228366	332564
234123	398680
234123	398747
234332	269015
236253	248295
242580	251423
244542	245638
244627	249061
244902	287952
246104	249821
247098	385671
247139	518969
247462	248147
247462	248699
249026	249079
250249	662975
250249	662975
250249	662975
251423	251427
251423	315334
258450	258462
258450	647056
258462	647056
268872	528343
285576	443752
285576	462034
285576	462035
287952	296609
287952	423835
287952	567112
296609	400019
301459	354449
325587	552600
328908	347967
339111	354449
348538	538465
354255	354449
354255	354454
354449	493154
354449	530953
354449	563641
398680	431256
443752	462034
443752	462035
462034	462035
